#Sat Mar 28 18:48:06 PDT 2015
origin.z=0.006666666666666673
origin.y=0.0033333333333333275
origin.x=0.3800000000000005
zDir.z=6.123233995736766E-17
zDir.y=-1.0
zDir.x=0.0
upDir.z=1.0
upDir.y=6.123233995736766E-17
upDir.x=0.0
