#Thu Mar 26 14:03:15 PDT 2015
origin.z=-0.01785076395050619
origin.y=0.5093757605190538
origin.x=2.33
zDir.z=0.5000000000000001
zDir.y=-0.8660254037844386
zDir.x=0.0
upDir.z=0.8660254037844386
upDir.y=0.5000000000000001
upDir.x=0.0
