#Thu Mar 26 13:48:31 PDT 2015
origin.z=3.469446951953614E-18
origin.y=0.5400000000000001
origin.x=1.65
zDir.z=1.0
zDir.y=0.0
zDir.x=0.0
upDir.z=0.0
upDir.y=1.0
upDir.x=0.0
