#Sat Mar 28 18:48:18 PDT 2015
origin.z=-8.673617379884035E-18
origin.y=0.010000000000000009
origin.x=-0.17999999999999972
zDir.z=6.123233995736766E-17
zDir.y=-1.0
zDir.x=0.0
upDir.z=1.0
upDir.y=6.123233995736766E-17
upDir.x=0.0
