#Thu Mar 26 11:40:46 PDT 2015
origin.z=0.4300000000000002
origin.y=-0.5399999999999998
origin.x=1.11
zDir.z=1.0
zDir.y=0.0
zDir.x=0.0
upDir.z=0.0
upDir.y=1.0
upDir.x=0.0
