#Tue Feb 06 17:36:22 PST 2018
origin.z=-0.009505420947857925
zDir.y=0.0
zDir.z=0.9998476951563913
origin.x=-0.046241352704234996
origin.y=0.0
zDir.x=-0.01745240643728351
upDir.z=0.0
upDir.y=1.0
upDir.x=0.0
