#Sun Feb 11 22:30:27 PST 2018
origin.z=-1.241102205545348
zDir.y=1.0
zDir.z=-8.156785162085261E-17
origin.x=2.16989214006945
origin.y=-0.030956680346468476
zDir.x=-1.099712820023109E-16
upDir.z=-0.9848077530122081
upDir.y=-6.123233995736769E-17
upDir.x=0.17364817766693036
