#Fri Jul 10 18:31:32 PDT 2015
origin.z=0.07531745370106016
origin.y=0.9637063371489415
origin.x=2.544700213294276
zDir.z=2.0942693688384956E-17
zDir.y=-1.0
zDir.x=-5.753957801139253E-17
upDir.z=0.34202014332566877
upDir.y=6.123233995736767E-17
upDir.x=-0.9396926207859084
