#Fri Jul 10 18:31:56 PDT 2015
origin.z=0.10128596922973343
origin.y=0.9626766915857007
origin.x=1.8702440980207458
zDir.z=2.0942693688384965E-17
zDir.y=-1.0
zDir.x=-5.753957801139251E-17
upDir.z=0.3420201433256689
upDir.y=6.123233995736767E-17
upDir.x=-0.9396926207859084
