#Fri Jul 10 18:34:59 PDT 2015
origin.z=0.22555428417481257
origin.y=0.9604434007288845
origin.x=1.4913261717426978
zDir.z=5.3028761936245346E-17
zDir.y=-1.0
zDir.x=-3.0616169978683824E-17
upDir.z=0.8660254037844387
upDir.y=6.123233995736766E-17
upDir.x=-0.49999999999999994
