#Fri Apr 10 21:18:51 PDT 2015
origin.z=1.3536293749375548
origin.y=0.6185483245002577
origin.x=1.3932164677055716
zDir.z=1.0
zDir.y=0.0
zDir.x=0.0
upDir.z=0.0
upDir.y=1.0
upDir.x=0.0
