#Fri Apr 10 21:20:27 PDT 2015
origin.z=1.342572101384336
origin.y=0.6185483245002577
origin.x=1.227357364407289
zDir.z=1.0
zDir.y=0.0
zDir.x=0.0
upDir.z=0.0
upDir.y=1.0
upDir.x=0.0
