#Fri Apr 10 21:19:26 PDT 2015
origin.z=1.265171186511804
origin.y=0.6185483245002577
origin.x=1.371101920599134
zDir.z=1.0
zDir.y=0.0
zDir.x=0.0
upDir.z=0.0
upDir.y=1.0
upDir.x=0.0
