#Fri Apr 10 21:19:56 PDT 2015
origin.z=1.1103693567667403
origin.y=0.6185483245002577
origin.x=1.5259037503441977
zDir.z=1.0
zDir.y=0.0
zDir.x=0.0
upDir.z=0.0
upDir.y=1.0
upDir.x=0.0
