#Wed Mar 21 16:00:02 PDT 2018
origin.z=0.3541866030236152
zDir.y=-1.0
zDir.z=-5.753957801139251E-17
origin.x=1.7094852714013482
origin.y=-0.024030650510906817
zDir.x=2.0942693688384962E-17
upDir.z=-0.9396926207859084
upDir.y=6.123233995736767E-17
upDir.x=0.34202014332566877
