#Thu Mar 22 15:02:24 PDT 2018
origin.z=-0.26015260886913977
zDir.y=0.0
cut_order=99
zDir.z=1.0
origin.x=2.069471902884139
origin.y=0.0134123441371847
zDir.x=0.0
upDir.z=0.0
upDir.y=6.123233995736766E-17
upDir.x=-1.0
