#Sun Sep 03 11:07:22 PDT 2017
origin.z=0.035710557579443136
origin.y=0.0
origin.x=0.6684479881233613
zDir.z=0.9993908270190958
zDir.y=0.0
zDir.x=-0.03489949670250089
upDir.z=0.0
upDir.y=1.0
upDir.x=0.0
