#Sun Jul 17 11:53:49 PDT 2016
origin.z=-1.6021660190018798
origin.y=0.0
origin.x=-0.23630775603572507
zDir.z=0.9986295347545739
zDir.y=0.0
zDir.x=-0.05233595624294383
upDir.z=0.0
upDir.y=1.0
upDir.x=0.0
