#Sun Sep 03 11:06:57 PDT 2017
origin.z=1.1938607457991788
origin.y=0.0
origin.x=0.38679632891443955
zDir.z=0.6691306063588582
zDir.y=0.0
zDir.x=0.7431448254773944
upDir.z=0.0
upDir.y=1.0
upDir.x=0.0
