#Sun Jul 17 11:53:25 PDT 2016
origin.z=-2.1722745817550777
origin.y=0.0
origin.x=-0.26754398011992797
zDir.z=0.7660444431189781
zDir.y=0.0
zDir.x=-0.6427876096865393
upDir.z=0.0
upDir.y=1.0
upDir.x=0.0
