#Sun Sep 03 11:06:53 PDT 2017
origin.z=1.6802197415623656
origin.y=0.0
origin.x=1.0156637669673758
zDir.z=0.0523359562429439
zDir.y=0.0
zDir.x=0.9986295347545739
upDir.z=0.0
upDir.y=1.0
upDir.x=0.0
