#Thu Oct 20 23:50:04 PDT 2016
origin.z=0.5094613520860455
origin.y=-0.7670153731467281
origin.x=1.7398371874490972
zDir.z=5.989426641661591E-17
zDir.y=1.0
zDir.x=-1.2730919333264152E-17
upDir.z=-0.9781476007338057
upDir.y=6.123233995736769E-17
upDir.x=0.20791169081775937
