#Sun Sep 03 11:07:32 PDT 2017
origin.z=0.49633307027425155
origin.y=-0.7655346518048844
origin.x=1.563623278098209
zDir.z=-1.8232777014203525E-16
zDir.y=1.0
zDir.x=2.2387035197295514E-17
upDir.z=-0.9925461516413221
upDir.y=-1.8369701987210297E-16
upDir.x=0.12186934340514748
