#Thu Oct 20 23:50:00 PDT 2016
origin.z=0.5179249296152915
origin.y=-0.7657163327597968
origin.x=1.90847873839811
zDir.z=5.96629590512119E-17
zDir.y=1.0
zDir.x=-1.3774279433351828E-17
upDir.z=-0.9743700647852354
upDir.y=6.123233995736766E-17
upDir.x=0.224951054343865
