#Thu Oct 20 23:49:56 PDT 2016
origin.z=0.5055424825656036
origin.y=-0.7665837961355308
origin.x=2.098584541591119
zDir.z=6.010732940826066E-17
zDir.y=1.0
zDir.x=-1.1683681271820385E-17
upDir.z=-0.9816271834476641
upDir.y=6.123233995736767E-17
upDir.x=0.19080899537654483
