#Thu Oct 20 23:49:53 PDT 2016
origin.z=0.4853345389985092
origin.y=-0.7620725373762185
origin.x=2.323433592318145
zDir.z=6.030208312509488E-17
zDir.y=1.0
zDir.x=-1.0632884247878856E-17
upDir.z=-0.9848077530122081
upDir.y=6.123233995736767E-17
upDir.x=0.17364817766693036
