#Tue Mar 21 22:38:19 PDT 2017
origin.z=-1.1875855820701748
origin.y=-0.7678819816750743
origin.x=2.0799991284292276
zDir.z=3.9359389436709944E-17
zDir.y=1.0
zDir.x=4.690669376351366E-17
point_offset=-22
upDir.z=-0.6427876096865395
upDir.y=6.12323399573677E-17
upDir.x=-0.766044443118978
