#Tue Mar 21 22:38:08 PDT 2017
origin.z=-0.9656717167259725
origin.y=-0.750694102540411
origin.x=2.0367440951542037
zDir.z=3.935938943670994E-17
zDir.y=1.0
zDir.x=4.6906693763513654E-17
point_offset=-30
upDir.z=-0.6427876096865395
upDir.y=6.123233995736769E-17
upDir.x=-0.7660444431189779
