#Tue Mar 21 22:36:34 PDT 2017
origin.z=-0.7286249266459208
origin.y=-0.7703538701206811
origin.x=2.0495260347400253
zDir.z=3.935938943670994E-17
zDir.y=1.0
zDir.x=4.6906693763513654E-17
point_offset=-14
upDir.z=-0.6427876096865395
upDir.y=6.123233995736766E-17
upDir.x=-0.7660444431189779
