#Tue Mar 21 22:35:25 PDT 2017
origin.z=-0.4727255542999761
origin.y=-0.7652397056419942
origin.x=2.057532504826401
zDir.z=-1.482673856173447E-16
zDir.y=1.0
zDir.x=2.0434425151035332E-16
point_offset=-14
upDir.z=-0.6427876096865394
upDir.y=6.123233995736766E-17
upDir.x=-0.766044443118978
