#Tue Mar 21 22:35:08 PDT 2017
origin.z=0.09657146550997953
origin.y=-0.751413458515532
origin.x=2.028774206783803
zDir.z=3.935938943670993E-17
zDir.y=1.0
zDir.x=4.6906693763513654E-17
point_offset=-17
upDir.z=-0.6427876096865394
upDir.y=6.123233995736766E-17
upDir.x=-0.766044443118978
