#Tue Mar 21 22:32:43 PDT 2017
origin.z=0.32577291129014513
origin.y=-0.7594953895869955
origin.x=2.040257231906573
zDir.z=3.935938943670993E-17
zDir.y=1.0
zDir.x=4.6906693763513654E-17
point_offset=-19
upDir.z=-0.6427876096865394
upDir.y=6.123233995736766E-17
upDir.x=-0.766044443118978
