#Wed Mar 21 16:00:45 PDT 2018
origin.z=0.6481106827214027
zDir.y=1.0
zDir.z=4.690669376351365E-17
origin.x=2.141774732035176
origin.y=-0.7623799880026002
zDir.x=3.9359389436709925E-17
upDir.z=-0.7660444431189781
point_offset=-10
upDir.y=6.123233995736767E-17
upDir.x=-0.6427876096865393
