#Sun Sep 03 11:07:22 PDT 2017
cut_order=11
origin.z=-0.8001441335728021
origin.y=0.0933810928541956
origin.x=2.35680717241638
zDir.z=-3.037407630067471E-16
zDir.y=1.0
zDir.x=-3.622455637005962E-17
upDir.z=0.9993908270190958
upDir.y=3.048199511263107E-16
upDir.x=0.03489949670250019
