#Sun Jul 17 11:53:49 PDT 2016
origin.z=-0.8119524434322669
origin.y=0.09190596537913205
origin.x=1.9544090280537039
zDir.z=-6.119503887030807E-17
zDir.y=1.0
zDir.x=-2.136977846428563E-18
upDir.z=0.9993908270190958
upDir.y=6.123233995736766E-17
upDir.x=0.03489949670250084
