#Sun Sep 03 11:07:20 PDT 2017
cut_order=10
origin.z=-0.754180098089047
origin.y=0.09623011079377174
origin.x=2.07700901811751
zDir.z=-6.099933241728101E-17
zDir.y=1.0
zDir.x=-5.3367500691614714E-18
upDir.z=0.9961946980917457
upDir.y=6.123233995736769E-17
upDir.x=0.08715574274765812
