#Sun Sep 03 11:06:57 PDT 2017
origin.z=-0.398194867942708
origin.y=0.09324827886852073
origin.x=1.8859615199549153
zDir.z=3.2046530646618354E-18
zDir.y=1.0
zDir.x=-6.114842316355997E-17
upDir.z=-0.05233595624294352
upDir.y=6.123233995736769E-17
upDir.x=0.998629534754574
