#Sun Jul 17 11:53:25 PDT 2016
origin.z=-0.7302409867558474
origin.y=0.09673360015370455
origin.x=1.5404766976593087
zDir.z=-6.063643103410975E-17
zDir.y=1.0
zDir.x=-8.521894630907737E-18
upDir.z=0.9902680687415705
upDir.y=6.123233995736769E-17
upDir.x=0.13917310096006488
