#Sun Sep 03 11:06:53 PDT 2017
origin.z=-0.46761071744225885
origin.y=0.09252644281830354
origin.x=1.331602105632074
zDir.z=-1.0686516840418675E-18
zDir.y=1.0
zDir.x=6.122301397540665E-17
upDir.z=0.0174524064372832
upDir.y=6.123233995736769E-17
upDir.x=-0.9998476951563913
