#Sun Jul 17 11:53:20 PDT 2016
origin.z=-1.3264874543731788
origin.y=0.11019882232375929
origin.x=1.5672832362093843
zDir.z=6.0999332417281E-17
zDir.y=1.0
zDir.x=5.336750069161471E-18
upDir.z=-0.9961946980917455
upDir.y=6.123233995736766E-17
upDir.x=-0.08715574274765792
