#Fri Dec 30 11:36:44 PST 2016
origin.z=-0.10018231804421313
origin.y=-0.5900000000000003
origin.x=-0.18190910913186895
zDir.z=1.0
zDir.y=0.0
zDir.x=0.0
upDir.z=0.0
upDir.y=1.0
upDir.x=0.0
