#Fri Dec 30 11:37:03 PST 2016
origin.z=0.07040310209174885
origin.y=-0.5800000000000003
origin.x=0.002448652990349283
zDir.z=1.0
zDir.y=0.0
zDir.x=0.0
upDir.z=0.0
upDir.y=1.0
upDir.x=0.0
