#Fri Dec 30 11:36:35 PST 2016
origin.z=-0.1736658640967524
origin.y=-0.5800000000000003
origin.x=-0.15993409343714216
zDir.z=1.0
zDir.y=0.0
zDir.x=0.0
upDir.z=0.0
upDir.y=1.0
upDir.x=0.0
