#Fri Dec 30 11:36:25 PST 2016
origin.z=-0.2507213892694397
origin.y=-0.5900000000000003
origin.x=-0.14650887800185214
zDir.z=1.0
zDir.y=0.0
zDir.x=0.0
upDir.z=0.0
upDir.y=1.0
upDir.x=0.0
