#Fri Apr 03 12:17:30 PDT 2015
origin.z=0.27706546470555815
origin.y=0.9745445239470178
origin.x=2.2966400982139805
zDir.z=5.302876193624534E-17
zDir.y=-1.0
zDir.x=-3.0616169978683824E-17
upDir.z=0.8660254037844387
upDir.y=6.123233995736766E-17
upDir.x=-0.5
