#Fri Apr 03 12:19:22 PDT 2015
origin.z=-0.6646674481938357
origin.y=0.9743388192508882
origin.x=1.7189915073970634
zDir.z=5.753957801139251E-17
zDir.y=-1.0
zDir.x=2.094269368838496E-17
upDir.z=0.9396926207859084
upDir.y=6.123233995736766E-17
upDir.x=0.3420201433256687
