#Fri Apr 03 12:17:13 PDT 2015
origin.z=0.38980393605227515
origin.y=0.9716629997079707
origin.x=2.0067623233538923
zDir.z=-2.0942693688384953E-17
zDir.y=-1.0
zDir.x=5.753957801139251E-17
upDir.z=-0.3420201433256686
upDir.y=6.123233995736766E-17
upDir.x=0.9396926207859084
