#Thu Dec 29 21:09:30 PST 2016
cut_order=18
origin.z=-1.0187698224033273
origin.y=0.10574308641215074
origin.x=2.606313894160975
zDir.z=5.336750069161487E-18
zDir.y=-1.0
zDir.x=6.0999332417281E-17
upDir.z=0.08715574274765818
upDir.y=6.123233995736767E-17
upDir.x=0.9961946980917457
