#Thu Dec 29 21:09:00 PST 2016
cut_order=14
origin.z=-0.8507642612760807
origin.y=0.6050549498923032
origin.x=2.6435728252549424
zDir.z=6.119503887030809E-17
zDir.y=-1.0
zDir.x=-2.136977846428571E-18
upDir.z=0.9993908270190958
upDir.y=6.123233995736766E-17
upDir.x=-0.03489949670250097
