#Thu Dec 29 21:09:20 PST 2016
cut_order=17
origin.z=-0.7754555447338738
origin.y=0.09164108438070678
origin.x=1.4950218273187117
zDir.z=6.122301397540666E-17
zDir.y=-1.0
zDir.x=-1.0686516840418957E-18
upDir.z=0.9998476951563913
upDir.y=6.123233995736766E-17
upDir.x=-0.01745240643728351
