#Fri Jul 10 18:31:39 PDT 2015
origin.z=0.08264950280161737
origin.y=0.9647049772788974
origin.x=2.380705003862229
zDir.z=2.0942693688384956E-17
zDir.y=-1.0
zDir.x=-5.753957801139251E-17
upDir.z=0.3420201433256689
upDir.y=6.123233995736767E-17
upDir.x=-0.9396926207859084
