#Fri Jul 10 18:31:45 PDT 2015
origin.z=0.09125036676101617
origin.y=0.9632270019044903
origin.x=2.2177568598525723
zDir.z=2.0942693688384962E-17
zDir.y=-1.0
zDir.x=-5.753957801139251E-17
upDir.z=0.34202014332566877
upDir.y=6.123233995736766E-17
upDir.x=-0.9396926207859084
