#Fri Jul 10 18:34:50 PDT 2015
origin.z=0.09293556318721476
origin.y=0.9632855498916597
origin.x=2.040277199701554
zDir.z=2.0942693688384962E-17
zDir.y=-1.0
zDir.x=-5.753957801139251E-17
upDir.z=0.34202014332566877
upDir.y=6.123233995736766E-17
upDir.x=-0.9396926207859084
