#Mon Jul 04 13:38:53 PDT 2016
origin.z=0.9430375503044516
origin.y=0.0
origin.x=-0.08313784479211687
zDir.z=0.9781476007338057
zDir.y=0.0
zDir.x=0.20791169081775915
upDir.z=0.0
upDir.y=1.0
upDir.x=0.0
