#Thu Dec 29 20:32:14 PST 2016
origin.z=-0.19774575579444997
origin.y=-0.5103932576379097
origin.x=-0.7129806031585753
zDir.z=1.0
zDir.y=0.0
zDir.x=0.0
upDir.z=0.0
upDir.y=1.0
upDir.x=0.0
