#Thu Dec 29 20:36:48 PST 2016
origin.z=-0.7097291001730011
origin.y=-0.525187265105675
origin.x=-0.49765015687263364
zDir.z=0.9702957262759965
zDir.y=0.0
zDir.x=-0.24192189559966798
upDir.z=0.0
upDir.y=1.0
upDir.x=0.0
