#Thu Dec 29 20:33:17 PST 2016
origin.z=-0.8234723733738215
origin.y=-0.525187265105675
origin.x=-0.4638078539511529
zDir.z=0.9612616959383189
zDir.y=0.0
zDir.x=-0.2756373558169991
upDir.z=0.0
upDir.y=1.0
upDir.x=0.0
