#Thu Dec 29 20:31:41 PST 2016
origin.z=-0.6557782701674372
origin.y=-0.5251872651056753
origin.x=-0.5999035261130434
zDir.z=0.9848077530122081
zDir.y=0.0
zDir.x=-0.17364817766693033
upDir.z=0.0
upDir.y=1.0
upDir.x=0.0
