#Fri Dec 25 21:53:25 PST 2015
origin.z=0.8241450932414898
origin.y=0.0
origin.x=0.727212344357766
zDir.z=5.721188726109833E-18
zDir.y=0.0
zDir.x=1.0
upDir.z=0.0
upDir.y=1.0
upDir.x=0.0
