#Thu Dec 29 20:30:53 PST 2016
origin.z=-1.233027750554614
origin.y=0.0
origin.x=0.30542578055328673
zDir.z=0.9396926207859084
zDir.y=0.0
zDir.x=-0.34202014332566866
upDir.z=0.0
upDir.y=1.0
upDir.x=0.0
