#Thu Dec 29 20:37:05 PST 2016
origin.z=2.130112685506251
origin.y=0.0
origin.x=1.7690410493563724
zDir.z=0.17364817766693053
zDir.y=0.0
zDir.x=0.9848077530122081
upDir.z=0.0
upDir.y=1.0
upDir.x=0.0
