#Thu Dec 29 20:34:21 PST 2016
origin.z=-0.2952994340027519
origin.y=0.0
origin.x=-0.9316227003933472
zDir.z=1.0
zDir.y=0.0
zDir.x=0.0
upDir.z=0.0
upDir.y=1.0
upDir.x=0.0
