#Thu Dec 29 20:34:24 PST 2016
origin.z=-0.4607502450467092
origin.y=-0.22191011201648253
origin.x=-0.7452492802613755
zDir.z=1.0
zDir.y=0.0
zDir.x=-2.33486982377251E-16
upDir.z=0.0
upDir.y=1.0
upDir.x=0.0
