#Sun Jul 17 11:43:50 PDT 2016
origin.z=-1.614350169446199
origin.y=0.0
origin.x=-0.6346151926088378
zDir.z=1.0
zDir.y=0.0
zDir.x=1.3877787807814457E-16
upDir.z=0.0
upDir.y=1.0
upDir.x=0.0
