#Sun Jul 17 11:43:48 PDT 2016
origin.z=0.618297571974725
origin.y=0.0
origin.x=4.592522679559489
zDir.z=-1.0
zDir.y=0.0
zDir.x=2.878961221198774E-17
upDir.z=0.0
upDir.y=1.0
upDir.x=0.0
