#Mon Dec 26 11:36:48 PST 2016
origin.z=-0.9080768644880703
origin.y=0.22966840574460623
origin.x=3.966248090218147
zDir.z=0.7986355100472928
zDir.y=2.7548558866703657E-17
zDir.x=0.6018150231520483
upDir.z=9.381338752702731E-17
upDir.y=-1.0
upDir.x=-7.871877887341988E-17
