#Mon Dec 26 11:36:45 PST 2016
origin.z=1.9898733104627913
origin.y=0.0
origin.x=0.9998441285690127
zDir.z=0.6427876096865394
zDir.y=0.0
zDir.x=0.766044443118978
upDir.z=0.0
upDir.y=1.0
upDir.x=0.0
