#Mon Dec 26 11:36:34 PST 2016
origin.z=2.1517425243721595
origin.y=0.0
origin.x=0.9339542020964113
zDir.z=0.6427876096865394
zDir.y=0.0
zDir.x=0.766044443118978
upDir.z=0.0
upDir.y=1.0
upDir.x=0.0
