#Mon Dec 26 11:36:31 PST 2016
origin.z=2.318122583495589
origin.y=0.0
origin.x=0.8547763133401498
zDir.z=0.6427876096865394
zDir.y=0.0
zDir.x=0.766044443118978
upDir.z=0.0
upDir.y=1.0
upDir.x=0.0
