#Mon Dec 26 11:36:55 PST 2016
origin.z=1.5795353731645776
origin.y=0.0
origin.x=1.0049333059864247
zDir.z=0.7071067811865477
zDir.y=0.0
zDir.x=0.7071067811865475
upDir.z=0.0
upDir.y=1.0
upDir.x=0.0
