#Mon Dec 26 11:36:58 PST 2016
origin.z=1.292416842589695
origin.y=0.0
origin.x=0.6688603633232568
zDir.z=0.8191520442889919
zDir.y=0.0
zDir.x=0.573576436351046
upDir.z=0.0
upDir.y=1.0
upDir.x=0.0
