#Mon Dec 26 11:37:03 PST 2016
origin.z=0.6228102320116833
origin.y=0.0
origin.x=0.6151052657311795
zDir.z=0.6427876096865395
zDir.y=0.0
zDir.x=0.766044443118978
upDir.z=0.0
upDir.y=1.0
upDir.x=0.0
