#Thu Dec 29 20:34:30 PST 2016
origin.z=-0.36007972411718003
origin.y=-0.4882022464362613
origin.x=-0.7405858248064751
zDir.z=0.9986295347545739
zDir.y=0.0
zDir.x=-0.052335956242943835
upDir.z=0.0
upDir.y=1.0
upDir.x=0.0
