#Thu Dec 29 17:04:57 PST 2016
origin.z=2.862613180033692E-4
origin.y=0.0
origin.x=0.0036739319367934727
zDir.z=1.0
zDir.y=0.0
zDir.x=0.0
upDir.z=0.0
upDir.y=1.0
upDir.x=0.0
