#Sun Jul 17 11:35:49 PDT 2016
origin.z=-0.0051621253926510385
origin.y=0.0
origin.x=-0.010130382253020466
zDir.z=1.0
zDir.y=0.0
zDir.x=0.0
upDir.z=0.0
upDir.y=1.0
upDir.x=0.0
