#Thu Dec 29 17:04:14 PST 2016
origin.z=0.12456764705807011
origin.y=0.0
origin.x=0.038007565953092515
zDir.z=0.9969173337331281
zDir.y=0.0
zDir.x=0.07845909572784494
upDir.z=0.0
upDir.y=1.0
upDir.x=0.0
