#Tue Feb 06 17:35:57 PST 2018
origin.z=1.137539735067606
zDir.y=0.0
zDir.z=-0.08715574274765804
origin.x=2.8716731697625146
origin.y=0.0
zDir.x=0.9961946980917455
upDir.z=0.0
upDir.y=1.0
upDir.x=0.0
