#Mon Dec 26 16:12:55 PST 2016
origin.z=1.3246065833476315
origin.y=0.0
origin.x=2.5979514368115844
zDir.z=0.17364817766693041
zDir.y=0.0
zDir.x=0.9848077530122081
upDir.z=0.0
upDir.y=1.0
upDir.x=0.0
