#Fri Dec 30 11:37:11 PST 2016
origin.z=1.6710584563419628
origin.y=-0.5700000000000003
origin.x=1.5022644913202634
zDir.z=6.123233995736766E-17
zDir.y=0.0
zDir.x=1.0
upDir.z=0.0
upDir.y=1.0
upDir.x=0.0
