#Fri Mar 24 19:44:56 PDT 2017
origin.z=-1.0614367069807962
origin.y=0.0
origin.x=2.94095185474162
zDir.z=-0.777145961456971
zDir.y=0.0
zDir.x=-0.6293203910498374
upDir.z=0.0
upDir.y=1.0
upDir.x=0.0
