#Fri Jul 10 18:32:11 PDT 2015
origin.z=-0.18166890190176532
origin.y=0.08525501606655336
origin.x=1.1127923672379696
zDir.z=-1.2730919333264168E-17
zDir.y=-1.0
zDir.x=-5.989426641661591E-17
upDir.z=-0.2079116908177594
upDir.y=6.123233995736769E-17
upDir.x=-0.9781476007338058
