#Fri Jul 10 18:35:58 PDT 2015
origin.z=-0.9152004656155861
origin.y=0.08257047911519518
origin.x=1.7361142550390565
zDir.z=-6.030208312509487E-17
zDir.y=-1.0
zDir.x=1.0632884247878863E-17
upDir.z=-0.9848077530122081
upDir.y=6.123233995736767E-17
upDir.x=0.1736481776669305
