#Thu Dec 29 17:04:49 PST 2016
origin.z=-0.002911688773425142
origin.y=0.0
origin.x=-0.010008423257628048
zDir.z=1.0
zDir.y=0.0
zDir.x=0.0
upDir.z=0.0
upDir.y=1.0
upDir.x=0.0
