#Sat Feb 13 12:45:18 PST 2016
origin.z=0.3929303088279709
origin.y=1.192160018290231
origin.x=2.2905601275955423
zDir.z=6.099933241728101E-17
zDir.y=-1.0
zDir.x=-5.336750069161501E-18
upDir.z=0.9961946980917455
upDir.y=6.123233995736767E-17
upDir.x=-0.08715574274765843
