#Sun Jul 17 11:29:34 PDT 2016
origin.z=-3.094746409372951E-5
origin.y=0.0
origin.x=-0.012243264951746465
zDir.z=1.0
zDir.y=0.0
zDir.x=0.0
upDir.z=0.0
upDir.y=1.0
upDir.x=0.0
