#Thu Dec 29 17:02:40 PST 2016
origin.z=0.03620416232143109
origin.y=0.0
origin.x=-0.013970177475028947
zDir.z=0.9998476951563913
zDir.y=0.0
zDir.x=0.01745240643728351
upDir.z=0.0
upDir.y=1.0
upDir.x=0.0
