#Fri Jul 10 18:31:32 PDT 2015
origin.z=-0.1864245180050263
origin.y=0.0
origin.x=0.47518148784115133
zDir.z=0.9961946980917455
zDir.y=0.0
zDir.x=-0.08715574274765815
upDir.z=0.0
upDir.y=1.0
upDir.x=0.0
