#Fri Jul 10 18:31:56 PDT 2015
origin.z=-0.11884939326743638
origin.y=0.0
origin.x=0.2233709499033097
zDir.z=0.9961946980917455
zDir.y=0.0
zDir.x=-0.08715574274765817
upDir.z=0.0
upDir.y=1.0
upDir.x=0.0
