#Fri Jul 10 18:31:45 PDT 2015
origin.z=-0.15463767924930252
origin.y=0.0
origin.x=0.3620411784920874
zDir.z=0.9961946980917455
zDir.y=0.0
zDir.x=-0.08715574274765817
upDir.z=0.0
upDir.y=1.0
upDir.x=0.0
