#Fri Jul 10 18:36:20 PDT 2015
origin.z=-1.0910036077932057
origin.y=1.2114200681661607
origin.x=1.6181940180453898
zDir.z=5.914589856893349E-17
zDir.y=-1.0
zDir.x=1.5848095757158822E-17
upDir.z=0.9659258262890683
upDir.y=6.123233995736767E-17
upDir.x=0.25881904510252074
