#Fri Jul 10 18:36:35 PDT 2015
origin.z=-1.3040223045436694
origin.y=1.2248216558629441
origin.x=1.630670841673059
zDir.z=6.030208312509488E-17
zDir.y=-1.0
zDir.x=1.0632884247878856E-17
upDir.z=0.9848077530122081
upDir.y=6.123233995736767E-17
upDir.x=0.17364817766693036
