#Sun Jul 17 11:56:31 PDT 2016
origin.z=-0.6613937529414784
origin.y=0.0
origin.x=-0.08574926720048055
zDir.z=1.0
zDir.y=0.0
zDir.x=0.0
upDir.z=0.0
upDir.y=1.0
upDir.x=0.0
