#Fri Dec 30 11:37:27 PST 2016
origin.z=2.6434635939905733
origin.y=-0.5900000000000003
origin.x=1.508312500725831
zDir.z=6.123233995736766E-17
zDir.y=0.0
zDir.x=1.0
upDir.z=0.0
upDir.y=1.0
upDir.x=0.0
