#Sun Jul 17 11:57:28 PDT 2016
origin.z=-0.7467465717291354
origin.y=0.0
origin.x=-0.12110569702260834
zDir.z=1.0
zDir.y=0.0
zDir.x=0.0
upDir.z=0.0
upDir.y=1.0
upDir.x=0.0
