#Sun Jul 17 11:57:54 PDT 2016
origin.z=-0.22887863524162078
origin.y=0.0
origin.x=0.035043916415834216
zDir.z=1.0
zDir.y=0.0
zDir.x=0.0
upDir.z=0.0
upDir.y=1.0
upDir.x=0.0
