#Tue Feb 09 22:41:30 PST 2016
origin.z=-0.1337293055588343
origin.y=0.0
origin.x=0.028529819312796214
zDir.z=1.0
zDir.y=0.0
zDir.x=0.0
upDir.z=0.0
upDir.y=1.0
upDir.x=0.0
