#Tue Jun 23 16:33:13 PDT 2015
origin.z=-0.027894576501355083
origin.y=0.0
origin.x=0.02318770940301644
zDir.z=1.0
zDir.y=0.0
zDir.x=0.0
upDir.z=0.0
upDir.y=1.0
upDir.x=0.0
