#Wed Dec 28 22:23:02 PST 2016
cut_order=25
origin.z=-0.8406295395836352
origin.y=0.11719514755909785
origin.x=2.3085153575114803
zDir.z=-6.123233995736766E-17
zDir.y=1.0
zDir.x=7.498798913309288E-33
upDir.z=1.0
upDir.y=6.123233995736766E-17
upDir.x=1.2246467991473532E-16
