#Tue Feb 06 17:37:11 PST 2018
origin.z=0.004948386596002056
zDir.y=0.0
zDir.z=1.0
origin.x=-0.020832767614252765
origin.y=0.0
zDir.x=0.0
upDir.z=0.0
upDir.y=1.0
upDir.x=0.0
