#Mon Dec 26 16:12:42 PST 2016
origin.z=0.16123875387542982
origin.y=0.00892000370655871
origin.x=-0.013487446787459376
zDir.z=0.9924038765061041
zDir.y=-0.08715574274765817
zDir.x=0.08682408883346517
upDir.z=0.08682408883346517
upDir.y=0.9961946980917455
upDir.x=0.007596123493895969
