#Tue Feb 06 17:37:34 PST 2018
origin.z=-0.09287258194986592
zDir.y=0.0
zDir.z=0.9975640502598243
origin.x=-0.09465666099290655
origin.y=0.0
zDir.x=-0.0697564737441253
upDir.z=0.0
upDir.y=1.0
upDir.x=0.0
