#Thu Mar 22 15:01:55 PDT 2018
origin.z=0.6127858044858485
zDir.y=0.0
zDir.z=0.9848077530122081
origin.x=-0.06782564201267097
origin.y=0.0
zDir.x=0.17364817766693033
upDir.z=0.0
upDir.y=1.0
upDir.x=0.0
