#Mon Dec 26 16:09:42 PST 2016
origin.z=0.39309585661092866
origin.y=0.0
origin.x=-0.044869824245287404
zDir.z=0.9848077530122081
zDir.y=0.0
zDir.x=0.17364817766693036
upDir.z=0.0
upDir.y=1.0
upDir.x=0.0
