#Sun Jul 17 11:57:16 PDT 2016
origin.z=0.049367188404360884
origin.y=0.0
origin.x=-0.03433606256325667
zDir.z=1.0
zDir.y=0.0
zDir.x=0.0
upDir.z=0.0
upDir.y=1.0
upDir.x=0.0
