#Sun Jul 17 11:57:17 PDT 2016
origin.z=0.06598789863968796
origin.y=0.0
origin.x=-0.06039282314659366
zDir.z=1.0
zDir.y=0.0
zDir.x=0.0
upDir.z=0.0
upDir.y=1.0
upDir.x=0.0
