#Sun Jul 17 11:57:18 PDT 2016
origin.z=0.07637352989795824
origin.y=0.0
origin.x=-0.06338662705971695
zDir.z=1.0
zDir.y=0.0
zDir.x=0.0
upDir.z=0.0
upDir.y=1.0
upDir.x=0.0
