#Sun Jul 17 11:57:05 PDT 2016
origin.z=0.08267766469429162
origin.y=0.0
origin.x=-0.060392823146593666
zDir.z=1.0
zDir.y=0.0
zDir.x=0.0
upDir.z=0.0
upDir.y=1.0
upDir.x=0.0
