#Sun Jul 17 11:57:53 PDT 2016
origin.z=0.003626857853296894
origin.y=0.0
origin.x=-0.006620661766420188
zDir.z=1.0
zDir.y=0.0
zDir.x=0.0
upDir.z=0.0
upDir.y=1.0
upDir.x=0.0
