#Sat Nov 28 20:56:06 PST 2015
origin.z=0.8247767566030215
origin.y=0.25297122741457184
origin.x=1.508095015051036
zDir.z=0.9091719112162113
zDir.y=0.41038242547945697
zDir.x=0.07065904551477939
upDir.z=-0.3859205799164363
upDir.y=0.7666186798667926
upDir.x=0.513187203344216
