#Sat Nov 28 20:57:00 PST 2015
origin.z=0.8198077913646845
origin.y=0.26628523445878416
origin.x=1.7478847199336607
zDir.z=0.8995494363482665
zDir.y=0.43681857160040843
zDir.x=-5.891268921771886E-4
upDir.z=-0.4059683618825921
upDir.y=0.8355195986465499
upDir.x=-0.37026570112268437
