#Sat Nov 28 20:50:16 PST 2015
origin.z=-3.031740120335996E-4
origin.y=0.08412968357948634
origin.x=1.4400000000000006
zDir.z=6.123233995736766E-17
zDir.y=-1.0
zDir.x=0.0
upDir.z=1.0
upDir.y=6.123233995736766E-17
upDir.x=0.0
