#Sat Nov 28 21:04:26 PST 2015
origin.z=1.1387134288690564
origin.y=-0.17920486962488763
origin.x=1.8094968167745318
zDir.z=0.9781476007338057
zDir.y=-0.20791169081775934
zDir.x=0.0
upDir.z=0.20791169081775934
upDir.y=0.9781476007338057
upDir.x=0.0
