#Sat Nov 28 21:11:20 PST 2015
origin.z=0.38612277946838613
origin.y=0.3362796026700616
origin.x=1.7361388377161049
zDir.z=0.7660444431189782
zDir.y=0.6427876096865393
zDir.x=0.0
upDir.z=-0.6427876096865393
upDir.y=0.7660444431189782
upDir.x=0.0
