#Sat Nov 28 21:23:48 PST 2015
origin.z=-0.029015371362127146
origin.y=0.04718711237856951
origin.x=1.2415978058338446
zDir.z=5.3028761936245346E-17
zDir.y=0.42261826174069933
zDir.x=0.90630778703665
upDir.z=-3.0616169978683824E-17
upDir.y=0.90630778703665
upDir.x=-0.42261826174069933
