#Thu Dec 29 17:02:40 PST 2016
origin.z=0.031963580419656634
origin.y=0.0
origin.x=-0.011049937154040472
zDir.z=0.9998476951563913
zDir.y=0.0
zDir.x=0.01745240643728351
upDir.z=0.0
upDir.y=1.0
upDir.x=0.0
