#Fri Mar 24 18:29:50 PDT 2017
cut_order=31
origin.z=-1.3130085357232417
origin.y=0.16479750063086557
origin.x=0.9492680544485168
zDir.z=-1.2246467991473532E-16
zDir.y=-1.0
zDir.x=-1.83697019872103E-16
upDir.z=6.123233995736767E-17
point_offset=-15
upDir.y=1.8369701987210297E-16
upDir.x=-1.0
