#Fri Mar 24 18:27:07 PDT 2017
cut_order=30
reverse_order=1
origin.z=-1.277395008445948
origin.y=0.12155421679620745
origin.x=1.33392611894641
zDir.z=-1.1248198369963932E-32
zDir.y=-1.0
zDir.x=-6.123233995736766E-17
point_offset=14
upDir.z=-1.8369701987210297E-16
upDir.y=6.123233995736766E-17
upDir.x=-1.0
