#Thu Dec 29 20:31:41 PST 2016
origin.z=-0.2515403280511017
origin.y=0.0
origin.x=0.059832164590143004
zDir.z=0.9848077530122081
zDir.y=0.0
zDir.x=-0.17364817766693033
upDir.z=0.0
upDir.y=1.0
upDir.x=0.0
