#Fri Dec 30 11:37:19 PST 2016
origin.z=-0.018150182014126073
origin.y=-0.5700000000000003
origin.x=-0.010037912464360619
zDir.z=1.0
zDir.y=0.0
zDir.x=0.0
upDir.z=0.0
upDir.y=1.0
upDir.x=0.0
