#Thu Oct 20 23:49:56 PDT 2016
origin.z=-0.0044752321376381006
origin.y=0.0
origin.x=0.02237616068819043
zDir.z=1.0
zDir.y=0.0
zDir.x=0.0
upDir.z=0.0
upDir.y=1.0
upDir.x=0.0
