#Sat Feb 13 12:45:18 PST 2016
origin.z=-0.004948386596002049
origin.y=0.0
origin.x=0.01484515978800615
zDir.z=1.0
zDir.y=0.0
zDir.x=0.0
upDir.z=0.0
upDir.y=1.0
upDir.x=0.0
