#Sun Sep 03 11:07:22 PDT 2017
origin.z=-0.018961556064644385
origin.y=0.0
origin.x=0.1482411497384268
zDir.z=0.9993908270190958
zDir.y=0.0
zDir.x=-0.034899496702500976
upDir.z=0.0
upDir.y=1.0
upDir.x=0.0
