#Sun Jul 17 11:57:05 PDT 2016
origin.z=0.029159924008717253
origin.y=0.0
origin.x=-0.026944235218109652
zDir.z=1.0
zDir.y=0.0
zDir.x=0.0
upDir.z=0.0
upDir.y=1.0
upDir.x=0.0
