#Tue Feb 06 17:36:22 PST 2018
origin.z=0.03550286082540352
zDir.y=0.0
zDir.z=0.9998476951563913
origin.x=-0.04702697518489494
origin.y=0.0
zDir.x=-0.01745240643728351
upDir.z=0.0
upDir.y=1.0
upDir.x=0.0
