#Mon Dec 26 16:09:30 PST 2016
origin.z=0.004475232137638091
origin.y=0.0
origin.x=-0.022376160688190455
zDir.z=1.0
zDir.y=0.0
zDir.x=0.0
upDir.z=0.0
upDir.y=1.0
upDir.x=0.0
