#Mon Dec 26 16:12:42 PST 2016
origin.z=0.1685795690554652
origin.y=0.008275312352024958
origin.x=-0.012845208678167283
zDir.z=0.9924038765061041
zDir.y=-0.08715574274765817
zDir.x=0.08682408883346517
upDir.z=0.08682408883346517
upDir.y=0.9961946980917455
upDir.x=0.007596123493895969
