#Wed Dec 28 22:19:16 PST 2016
origin.z=-0.09609843571859798
origin.y=0.0
origin.x=0.16024716071716155
zDir.z=1.0
zDir.y=0.0
zDir.x=0.0
upDir.z=0.0
upDir.y=1.0
upDir.x=0.0
