#Wed Dec 28 22:40:36 PST 2016
origin.z=-0.08904186887777062
origin.y=0.0
origin.x=-0.01297363527480511
zDir.z=1.0
zDir.y=0.0
zDir.x=0.0
upDir.z=0.0
upDir.y=1.0
upDir.x=0.0
