#Sun Sep 03 11:06:57 PDT 2017
origin.z=0.20370997627999107
origin.y=0.0
origin.x=-0.02068111685421922
zDir.z=0.9993908270190958
zDir.y=0.0
zDir.x=-0.03489949670250097
upDir.z=0.0
upDir.y=1.0
upDir.x=0.0
