#Wed Dec 28 22:20:41 PST 2016
origin.z=-1.1416780772124537
origin.y=0.0
origin.x=3.293118707537972
zDir.z=-1.0
zDir.y=0.0
zDir.x=1.2246467991473532E-16
upDir.z=0.0
upDir.y=1.0
upDir.x=0.0
