#Sun Sep 03 11:06:53 PDT 2017
origin.z=-0.3056900711517677
origin.y=0.0
origin.x=-0.02074693222912094
zDir.z=0.9986295347545739
zDir.y=0.0
zDir.x=-0.052335956242943835
upDir.z=0.0
upDir.y=1.0
upDir.x=0.0
