#Sun Jul 17 11:53:20 PDT 2016
origin.z=0.054055213964075775
origin.y=0.0
origin.x=-0.02395043130498637
zDir.z=1.0
zDir.y=0.0
zDir.x=0.0
upDir.z=0.0
upDir.y=1.0
upDir.x=0.0
