#Sun Sep 03 11:07:20 PDT 2017
origin.z=-1.339535756390696
origin.y=0.0
origin.x=4.349535979359329
zDir.z=-1.0
zDir.y=0.0
zDir.x=1.2246467991473532E-16
upDir.z=0.0
upDir.y=1.0
upDir.x=0.0
