#Thu Dec 29 17:02:03 PST 2016
origin.z=0.056235898237085524
origin.y=0.0
origin.x=-0.006057124120027561
zDir.z=0.9993908270190958
zDir.y=0.0
zDir.x=0.03489949670250097
upDir.z=0.0
upDir.y=1.0
upDir.x=0.0
