#Sun Oct 02 12:43:45 PDT 2016
origin.z=0.29243780931365626
origin.y=-0.026525266327465713
origin.x=1.989999999999999
zDir.z=6.123233995736766E-17
zDir.y=-1.0
zDir.x=0.0
upDir.z=1.0
upDir.y=6.123233995736766E-17
upDir.x=0.0
