#Thu Dec 29 20:36:48 PST 2016
origin.z=-0.2670368585597167
origin.y=0.0
origin.x=0.04350765443948971
zDir.z=0.984807753012208
zDir.y=0.0
zDir.x=-0.17364817766693058
upDir.z=0.0
upDir.y=1.0
upDir.x=0.0
