#Thu Dec 29 20:33:17 PST 2016
origin.z=-0.2637940422540017
origin.y=0.0
origin.x=0.030964348507752867
zDir.z=0.9876883405951378
zDir.y=0.0
zDir.x=-0.15643446504023084
upDir.z=0.0
upDir.y=1.0
upDir.x=0.0
