#Fri Mar 24 18:34:56 PDT 2017
cut_order=1
reverse_order=1
origin.z=0.49689894932297385
origin.y=-0.7572809551260764
origin.x=1.4490370587390577
zDir.z=-1.8358511661092426E-16
zDir.y=1.0
zDir.x=6.410933539285712E-18
upDir.z=-0.9993908270190958
point_offset=-5
upDir.y=-1.8369701987210297E-16
upDir.x=0.03489949670250097
