#Fri Mar 24 18:17:29 PDT 2017
cut_order=2
reverse_order=1
origin.z=0.4675281987374994
origin.y=-0.7507618406154458
origin.x=1.5505285095993808
zDir.z=-1.8369701987210297E-16
zDir.y=1.0
zDir.x=0.0
upDir.z=-1.0
point_offset=-6
upDir.y=-1.8369701987210297E-16
upDir.x=0.0
