#Sun Jul 17 11:35:49 PDT 2016
origin.z=0.002993803913123308
origin.y=0.0
origin.x=-0.002707542595119939
zDir.z=1.0
zDir.y=0.0
zDir.x=0.0
upDir.z=0.0
upDir.y=1.0
upDir.x=0.0
