#Fri May 27 22:56:52 PDT 2016
origin.z=-0.3171066021156158
origin.y=0.09220515714505222
origin.x=1.7725888670172536
zDir.z=6.123233995736766E-17
zDir.y=-1.0
zDir.x=0.0
upDir.z=1.0
upDir.y=6.123233995736766E-17
upDir.x=0.0
