#Fri May 27 22:55:45 PDT 2016
origin.z=-0.18030598410730148
origin.y=0.08986777660642116
origin.x=1.7183259425167254
zDir.z=6.123233995736766E-17
zDir.y=-1.0
zDir.x=0.0
upDir.z=1.0
upDir.y=6.123233995736766E-17
upDir.x=0.0
