#Thu Dec 29 17:06:46 PST 2016
origin.z=-1.715958557835772
origin.y=0.24633738205232297
origin.x=1.6889644705230755
zDir.z=-3.8534760126867224E-17
zDir.y=-1.0
zDir.x=-4.7586465708428575E-17
upDir.z=-0.6293203910498377
upDir.y=6.123233995736766E-17
upDir.x=-0.7771459614569708
