#Fri Mar 24 19:44:00 PDT 2017
cut_order=16
origin.z=-1.5387087195148474
origin.y=0.24633738205232297
origin.x=1.6920583779594833
zDir.z=-3.8534760126867224E-17
zDir.y=-1.0
zDir.x=-4.7586465708428575E-17
upDir.z=-0.6293203910498377
point_offset=-9
upDir.y=6.123233995736766E-17
upDir.x=-0.7771459614569708
