#Thu Dec 29 20:31:35 PST 2016
origin.z=-0.014641293650928885
origin.y=0.0
origin.x=-0.03352023248049387
zDir.z=1.0
zDir.y=0.0
zDir.x=0.0
upDir.z=0.0
upDir.y=1.0
upDir.x=0.0
