#Wed Dec 28 22:21:22 PST 2016
origin.z=0.021882597794453517
origin.y=0.0
origin.x=-0.021165882880122697
zDir.z=1.0
zDir.y=0.0
zDir.x=0.0
upDir.z=0.0
upDir.y=1.0
upDir.x=0.0
