#Sun Nov 06 20:19:54 PST 2016
origin.z=-0.037405641734445494
origin.y=0.0
origin.x=0.010408216811019711
zDir.z=0.9993908270190958
zDir.y=0.0
zDir.x=-0.03489949670250098
upDir.z=0.0
upDir.y=1.0
upDir.x=0.0
