#Sun Nov 06 20:19:58 PST 2016
origin.z=-0.033851262594264186
origin.y=0.0
origin.x=3.196411971305123E-4
zDir.z=0.9998476951563913
zDir.y=0.0
zDir.x=-0.01745240643728351
upDir.z=0.0
upDir.y=1.0
upDir.x=0.0
