#Mon Dec 26 11:31:08 PST 2016
origin.z=-0.025047330675639565
origin.y=0.0
origin.x=-0.03741925225613568
zDir.z=0.9998476951563913
zDir.y=0.0
zDir.x=0.01745240643728351
upDir.z=0.0
upDir.y=1.0
upDir.x=0.0
