#Sun Sep 03 11:06:57 PDT 2017
origin.z=0.018301617063661447
origin.y=0.0
origin.x=0.003660323412732289
zDir.z=1.0
zDir.y=0.0
zDir.x=0.0
upDir.z=0.0
upDir.y=1.0
upDir.x=0.0
