#Wed Dec 28 22:19:16 PST 2016
origin.z=0.08699186833347859
origin.y=0.0
origin.x=-0.012946370142911764
zDir.z=1.0
zDir.y=0.0
zDir.x=0.0
upDir.z=0.0
upDir.y=1.0
upDir.x=0.0
