#Mon Dec 26 11:31:21 PST 2016
origin.z=-0.060042467295026186
origin.y=0.0
origin.x=-0.011968862425803299
zDir.z=1.0
zDir.y=0.0
zDir.x=0.0
upDir.z=0.0
upDir.y=1.0
upDir.x=0.0
