#Wed Dec 28 20:18:19 PST 2016
origin.z=0.0027075425951199605
origin.y=0.4395950012617309
origin.x=2.9734344473332452
zDir.z=1.0
zDir.y=0.0
zDir.x=0.0
upDir.z=0.0
upDir.y=-1.0
upDir.x=-1.2246467991473532E-16
