#Fri Mar 24 18:35:04 PDT 2017
cut_order=3
reverse_order=1
origin.z=0.436834362482801
origin.y=-0.750260958010297
origin.x=1.6492897412213938
zDir.z=-1.8366904192621996E-16
zDir.y=1.0
zDir.x=-3.205955052125687E-18
point_offset=5
upDir.z=-0.9998476951563913
upDir.y=-1.8369701987210297E-16
upDir.x=-0.01745240643728351
