#Mon Dec 26 11:31:27 PST 2016
origin.z=-0.1238647294945779
origin.y=0.0
origin.x=-0.016080257763847493
zDir.z=1.0
zDir.y=0.0
zDir.x=0.0
upDir.z=0.0
upDir.y=1.0
upDir.x=0.0
