#Mon Dec 26 11:31:05 PST 2016
origin.z=-0.025668048882689996
origin.y=0.0
origin.x=-0.02602681418506096
zDir.z=1.0
zDir.y=0.0
zDir.x=0.0
upDir.z=0.0
upDir.y=1.0
upDir.x=0.0
