#Tue Dec 26 14:04:34 PST 2017
origin.z=-0.034451574125502926
zDir.y=-1.0
zDir.z=3.749399456654644E-33
origin.x=2.2176592363320142
origin.y=-0.020564099404114383
zDir.x=6.123233995736766E-17
upDir.z=6.123233995736766E-17
upDir.y=6.123233995736766E-17
upDir.x=1.0
