#Thu Dec 28 19:24:47 PST 2017
origin.z=-0.0183452143802209
zDir.y=-1.0
cut_order=2
zDir.z=3.749399456654644E-33
origin.x=2.004809415964588
origin.y=0.00820750850394492
zDir.x=6.123233995736766E-17
upDir.z=6.123233995736766E-17
upDir.y=6.123233995736766E-17
point_offset=-18
upDir.x=1.0
