#Fri Mar 24 18:19:56 PDT 2017
cut_order=4
reverse_order=1
origin.z=0.3990743461452433
origin.y=-0.7330263346971096
origin.x=1.7442625420363727
zDir.z=-1.834452694906799E-16
zDir.y=1.0
zDir.x=-9.613959193985566E-18
point_offset=-7
upDir.z=-0.9986295347545739
upDir.y=-1.83697019872103E-16
upDir.x=-0.05233595624294384
