#Wed Dec 27 20:25:10 PST 2017
origin.z=0.009228891263052024
zDir.y=-1.0
zDir.z=3.749399456654644E-33
origin.x=2.430151600973282
origin.y=0.002326850006822055
zDir.x=6.123233995736766E-17
upDir.z=6.123233995736766E-17
upDir.y=6.123233995736766E-17
upDir.x=1.0
