#Fri Mar 24 18:20:20 PDT 2017
cut_order=5
reverse_order=1
origin.z=0.5176615161229446
origin.y=-0.7666163622680653
origin.x=1.8726385317186145
zDir.z=-1.8358511661092426E-16
zDir.y=1.0
zDir.x=6.4109335392857154E-18
upDir.z=-0.9993908270190958
point_offset=-8
upDir.y=-1.83697019872103E-16
upDir.x=0.03489949670250098
