#Fri Mar 24 18:20:28 PDT 2017
cut_order=6
reverse_order=1
origin.z=0.4726236581537849
origin.y=-0.7351129686708358
origin.x=1.9734338857652947
zDir.z=-1.8366904192621996E-16
zDir.y=1.0
zDir.x=3.205955052125687E-18
point_offset=-8
upDir.z=-0.9998476951563913
upDir.y=-1.8369701987210297E-16
upDir.x=0.01745240643728351
