#Sun Oct 02 12:44:33 PDT 2016
origin.z=0.46081268629934014
origin.y=-0.026525266327465713
origin.x=2.1803368174620714
zDir.z=6.123233995736766E-17
zDir.y=-1.0
zDir.x=0.0
upDir.z=1.0
upDir.y=6.123233995736766E-17
upDir.x=0.0
