#Sun Oct 02 12:44:54 PDT 2016
origin.z=0.24485360494813685
origin.y=-0.026525266327465713
origin.x=2.173016170636607
zDir.z=6.123233995736766E-17
zDir.y=-1.0
zDir.x=0.0
upDir.z=1.0
upDir.y=6.123233995736766E-17
upDir.x=0.0
