#Fri Mar 24 18:37:09 PDT 2017
cut_order=7
reverse_order=1
origin.z=0.44377204210381066
origin.y=-0.7594646047773028
origin.x=2.120257121607009
zDir.z=-1.8369701987210297E-16
zDir.y=1.0
zDir.x=0.0
upDir.z=-1.0
point_offset=-7
upDir.y=-1.8369701987210297E-16
upDir.x=0.0
