#Fri Mar 24 18:21:55 PDT 2017
cut_order=8
reverse_order=1
origin.z=0.41278955392696554
origin.y=-0.7445911920490417
origin.x=2.2161449553585952
zDir.z=-1.8369701987210297E-16
zDir.y=1.0
zDir.x=0.0
point_offset=-9
upDir.z=-1.0
upDir.y=-1.8369701987210297E-16
upDir.x=0.0
