#Fri Mar 24 18:22:15 PDT 2017
cut_order=9
reverse_order=1
origin.z=0.38232458344756826
origin.y=-0.7498666617491581
origin.x=2.309531127126682
zDir.z=-1.8369701987210297E-16
zDir.y=1.0
zDir.x=0.0
point_offset=-7
upDir.z=-1.0
upDir.y=-1.8369701987210297E-16
upDir.x=0.0
