#Wed Dec 28 22:05:21 PST 2016
cut_order=10
reverse_order=1
origin.z=0.3475407205749942
origin.y=-0.7394783901031899
origin.x=2.402952082842781
zDir.z=-1.8369701987210297E-16
zDir.y=1.0
zDir.x=0.0
upDir.z=-1.0
point_offset=-12
upDir.y=-1.8369701987210297E-16
upDir.x=0.0
