#Wed Dec 27 20:24:59 PST 2017
origin.z=1.9124527657196082
zDir.y=0.0
zDir.z=6.123233995736766E-17
origin.x=1.9169573234685409
origin.y=0.0
zDir.x=1.0
upDir.z=0.0
upDir.y=1.0
upDir.x=0.0
