#Thu Dec 28 19:16:47 PST 2017
origin.z=-1.3793674397436784
zDir.y=-1.0
zDir.z=-3.061616997868382E-17
origin.x=1.5889513649167764
origin.y=-0.13439135425595897
zDir.x=5.3028761936245346E-17
upDir.z=-0.49999999999999983
upDir.y=6.123233995736767E-17
upDir.x=0.8660254037844388
