#Thu Dec 28 19:16:55 PST 2017
origin.z=-0.04983713193213374
zDir.y=-1.0
cut_order=2
zDir.z=-3.061616997868382E-17
origin.x=2.356556046027538
origin.y=-0.13439135425595897
zDir.x=5.3028761936245346E-17
upDir.z=-0.49999999999999983
upDir.y=6.123233995736767E-17
upDir.x=0.8660254037844388
