#Mon Dec 26 15:28:41 PST 2016
origin.z=0.036919819626441835
origin.y=0.24761693423667827
origin.x=1.3247784246239842
zDir.z=6.123233995736766E-17
zDir.y=-1.0
zDir.x=0.0
upDir.z=1.0
upDir.y=6.123233995736766E-17
upDir.x=0.0
