#Mon Dec 26 15:28:49 PST 2016
origin.z=0.32198555317909566
origin.y=0.2397512147746328
origin.x=1.311657714269444
zDir.z=6.123233995736766E-17
zDir.y=-1.0
zDir.x=0.0
upDir.z=1.0
upDir.y=6.123233995736766E-17
upDir.x=0.0
