#Mon Apr 17 21:05:00 PDT 2017
origin.z=-0.9483940256648189
origin.y=-0.035329076163480674
origin.x=1.4945860630377157
zDir.z=6.123233995736766E-17
zDir.y=-1.0
zDir.x=0.0
upDir.z=1.0
upDir.y=6.123233995736766E-17
upDir.x=0.0
