#Mon Apr 17 20:52:21 PDT 2017
origin.z=-0.7848613446482083
origin.y=-0.011244174789997778
origin.x=1.5047272149256357
zDir.z=6.123233995736766E-17
zDir.y=-1.0
zDir.x=0.0
upDir.z=1.0
upDir.y=6.123233995736766E-17
upDir.x=0.0
