#Mon Dec 26 15:31:37 PST 2016
origin.z=-0.4710503227956563
origin.y=0.015587778201186607
origin.x=1.54280939074578
zDir.z=6.123233995736766E-17
zDir.y=-1.0
zDir.x=0.0
upDir.z=1.0
upDir.y=6.123233995736766E-17
upDir.x=0.0
