#Mon Dec 26 15:31:31 PST 2016
origin.z=-0.3008743865535437
origin.y=0.04580970373867679
origin.x=1.351345017016793
zDir.z=6.123233995736766E-17
zDir.y=-1.0
zDir.x=0.0
upDir.z=1.0
upDir.y=6.123233995736766E-17
upDir.x=0.0
