#Sun Apr 30 14:50:25 PDT 2017
cut_order=35
origin.z=0.14658843054977513
origin.y=0.1669766706387669
origin.x=2.0786190364565282
zDir.z=3.749399456654644E-33
zDir.y=-1.0
zDir.x=6.123233995736766E-17
upDir.z=6.123233995736766E-17
upDir.y=6.123233995736766E-17
upDir.x=1.0
