#Wed Mar 22 20:28:56 PDT 2017
cut_order=6
origin.z=0.4624265702011344
origin.y=0.21468725071090178
origin.x=1.2964772881525388
zDir.z=6.123233995736766E-17
zDir.y=-1.0
zDir.x=0.0
upDir.z=1.0
upDir.y=6.123233995736766E-17
upDir.x=0.0
