#Wed Mar 22 20:28:33 PDT 2017
cut_order=4
origin.z=0.17778275297460394
origin.y=0.24573445661996587
origin.x=1.3039953131774378
zDir.z=6.123233995736766E-17
zDir.y=-1.0
zDir.x=0.0
upDir.z=1.0
upDir.y=6.123233995736766E-17
upDir.x=0.0
