#Wed Mar 22 20:28:18 PDT 2017
cut_order=2
origin.z=-0.11565663628224007
origin.y=0.24903846136775856
origin.x=1.2794882837614405
zDir.z=6.123233995736766E-17
zDir.y=-1.0
zDir.x=0.0
upDir.z=1.0
upDir.y=6.123233995736766E-17
upDir.x=0.0
