#Wed Mar 22 20:28:10 PDT 2017
cut_order=1
origin.z=-0.2610032837668319
origin.y=0.2508236905548531
origin.x=1.222356677385681
zDir.z=6.123233995736766E-17
zDir.y=-1.0
zDir.x=0.0
upDir.z=1.0
upDir.y=6.123233995736766E-17
upDir.x=0.0
