#Wed Mar 22 20:29:57 PDT 2017
cut_order=12
origin.z=-0.6291276423020713
origin.y=0.007284980028996603
origin.x=1.521992065928399
zDir.z=6.123233995736766E-17
zDir.y=-1.0
zDir.x=0.0
upDir.z=1.0
upDir.y=6.123233995736766E-17
upDir.x=0.0
