#Wed Mar 22 20:29:37 PDT 2017
cut_order=10
origin.z=-0.1733412743120037
origin.y=0.025686113214694918
origin.x=1.6528540611385154
zDir.z=6.123233995736766E-17
zDir.y=-1.0
zDir.x=0.0
upDir.z=1.0
upDir.y=6.123233995736766E-17
upDir.x=0.0
