#Sun Apr 30 13:02:49 PDT 2017
cut_order=15
origin.z=-1.1997345105508568
origin.y=0.015421315819286597
origin.x=1.485311307755513
zDir.z=6.123233995736766E-17
zDir.y=-1.0
zDir.x=0.0
upDir.z=1.0
upDir.y=6.123233995736766E-17
upDir.x=0.0
