#Wed Mar 22 20:40:49 PDT 2017
origin.z=1.030301060677712
origin.y=-0.44593776570097277
origin.x=1.7308988737285784
zDir.z=6.123233995736766E-17
zDir.y=-1.0
zDir.x=0.0
upDir.z=1.0
upDir.y=6.123233995736766E-17
upDir.x=0.0
