#Wed Mar 22 20:40:05 PDT 2017
origin.z=-0.05374152082723947
origin.y=-0.577909123123862
origin.x=2.522035696396851
zDir.z=1.273091933326416E-17
zDir.y=-1.0
zDir.x=5.989426641661591E-17
upDir.z=0.20791169081775948
upDir.y=6.123233995736767E-17
upDir.x=0.9781476007338057
