#Wed Mar 22 20:45:34 PDT 2017
origin.z=-0.20406790671594296
origin.y=1.2263526680333712
origin.x=1.312389045255983
zDir.z=-2.49054364019359E-17
zDir.y=-1.0
zDir.x=5.593852602888076E-17
upDir.z=-0.4067366430758001
upDir.y=6.123233995736766E-17
upDir.x=0.913545457642601
