#Wed Mar 22 20:49:37 PDT 2017
origin.z=-0.21017160356508224
origin.y=1.2344118773496533
origin.x=1.4382105501221545
zDir.z=6.711493223010428E-4
zDir.y=-0.9999982203182846
zDir.x=0.001763212650488049
upDir.z=-0.393792169164404
upDir.y=0.001356451495031056
upDir.x=0.9191985027969394
