#Mon Dec 26 15:31:16 PST 2016
origin.z=0.12584602774987483
origin.y=0.0
origin.x=0.13678916059769006
zDir.z=1.0
zDir.y=0.0
zDir.x=0.0
upDir.z=0.0
upDir.y=1.0
upDir.x=0.0
