#Sun Apr 30 13:02:49 PDT 2017
origin.z=-1.035582914596629
origin.y=0.0
origin.x=-0.15815224646541495
zDir.z=1.0
zDir.y=0.0
zDir.x=0.0
upDir.z=0.0
upDir.y=1.0
upDir.x=0.0
