#Mon Dec 26 15:28:49 PST 2016
origin.z=0.02236262898950281
origin.y=0.0
origin.x=-0.024406666651111165
zDir.z=1.0
zDir.y=0.0
zDir.x=0.0
upDir.z=0.0
upDir.y=1.0
upDir.x=0.0
