#Sun Dec 11 12:31:02 PST 2016
origin.z=0.5852184781983288
origin.y=0.058983135070819724
origin.x=1.8788389484062342
zDir.z=6.123233995736766E-17
zDir.y=-1.0
zDir.x=0.0
upDir.z=1.0
upDir.y=6.123233995736766E-17
upDir.x=0.0
