#Sun Dec 11 12:29:14 PST 2016
origin.z=0.3207277209638786
origin.y=-0.14687625088773956
origin.x=1.782677899865757
zDir.z=6.123233995736766E-17
zDir.y=-1.0
zDir.x=0.0
upDir.z=1.0
upDir.y=6.123233995736766E-17
upDir.x=0.0
