#Wed Mar 22 19:34:15 PDT 2017
cut_order=0
origin.z=0.4383874459352407
origin.y=0.01345755263212976
origin.x=1.9052130171552288
zDir.z=6.123233995736766E-17
zDir.y=-1.0
zDir.x=0.0
upDir.z=1.0
upDir.y=6.123233995736766E-17
upDir.x=0.0
