#Sat Dec 24 12:44:31 PST 2016
origin.z=-0.01830161706366143
origin.y=0.0
origin.x=0.01698928104392153
zDir.z=1.0
zDir.y=0.0
zDir.x=0.0
upDir.z=0.0
upDir.y=1.0
upDir.x=0.0
