#Wed Dec 28 22:22:41 PST 2016
cut_order=22
origin.z=-0.7054497632979451
origin.y=0.14045792287647862
origin.x=1.7784370801281224
zDir.z=-6.123233995736766E-17
zDir.y=1.0
zDir.x=7.498798913309288E-33
upDir.z=1.0
upDir.y=6.123233995736766E-17
upDir.x=-1.2246467991473532E-16
