#Wed Dec 28 22:22:36 PST 2016
cut_order=21
origin.z=-0.7046806035180709
origin.y=0.13622762728849824
origin.x=1.582454278894184
zDir.z=-6.123233995736766E-17
zDir.y=1.0
zDir.x=7.498798913309288E-33
upDir.z=1.0
upDir.y=6.123233995736766E-17
upDir.x=-1.2246467991473532E-16
