#Wed Dec 28 22:22:50 PST 2016
cut_order=23
origin.z=-0.7056568405490107
origin.y=0.14672201724941003
origin.x=1.9728806943912016
zDir.z=-6.123233995736766E-17
zDir.y=1.0
zDir.x=7.498798913309288E-33
upDir.z=1.0
upDir.y=6.123233995736766E-17
upDir.x=-1.2246467991473532E-16
