#Wed Dec 28 22:22:56 PST 2016
cut_order=24
origin.z=-0.8411302445170219
origin.y=0.14805521878832373
origin.x=2.1651401599082
zDir.z=-6.123233995736766E-17
zDir.y=1.0
zDir.x=7.498798913309288E-33
upDir.z=1.0
upDir.y=6.123233995736766E-17
upDir.x=-1.2246467991473532E-16
