#Thu Dec 29 16:24:01 PST 2016
cut_order=20
origin.z=-0.7027482368311808
origin.y=0.16764554281187885
origin.x=1.3872369139575247
zDir.z=6.123233995736766E-17
zDir.y=1.0
zDir.x=1.2246467991473532E-16
point_offset=1
upDir.z=1.0
upDir.y=-6.123233995736766E-17
upDir.x=-7.498798913309288E-33
