#Sun Jul 17 11:57:49 PDT 2016
origin.z=-0.05686394970434026
origin.y=0.09369061746509423
origin.x=1.4835029971201021
zDir.z=6.123233995736766E-17
zDir.y=1.0
zDir.x=0.0
upDir.z=-1.0
upDir.y=6.123233995736766E-17
upDir.x=0.0
