#Sun Jul 17 11:57:52 PDT 2016
origin.z=0.11497069076741792
origin.y=0.09116131056662888
origin.x=1.4833767886197817
zDir.z=6.123233995736766E-17
zDir.y=1.0
zDir.x=0.0
upDir.z=-1.0
upDir.y=6.123233995736766E-17
upDir.x=0.0
