#Sun Jul 17 11:57:28 PDT 2016
origin.z=-0.2448901963870596
origin.y=0.09608690091096175
origin.x=1.3190770544533812
zDir.z=6.123233995736766E-17
zDir.y=1.0
zDir.x=0.0
upDir.z=-1.0
upDir.y=6.123233995736766E-17
upDir.x=0.0
