#Sun Jul 17 11:57:53 PDT 2016
origin.z=0.26195409336704584
origin.y=0.09366092066320089
origin.x=1.4833846817722047
zDir.z=6.123233995736766E-17
zDir.y=1.0
zDir.x=0.0
upDir.z=-1.0
upDir.y=6.123233995736766E-17
upDir.x=0.0
