#Sun Jul 17 11:57:54 PDT 2016
origin.z=0.4150940583573648
origin.y=0.0959136032477832
origin.x=1.4825726268628712
zDir.z=6.123233995736766E-17
zDir.y=1.0
zDir.x=0.0
upDir.z=-1.0
upDir.y=6.123233995736766E-17
upDir.x=0.0
