#Tue Feb 09 22:41:30 PST 2016
origin.z=0.5623177322422004
origin.y=0.0929528938650601
origin.x=1.4806864836312157
zDir.z=6.123233995736766E-17
zDir.y=1.0
zDir.x=0.0
upDir.z=-1.0
upDir.y=6.123233995736766E-17
upDir.x=0.0
