#Tue Jun 23 16:33:13 PDT 2015
origin.z=0.7061538753829474
origin.y=0.09257609527927972
origin.x=1.476067697585125
zDir.z=6.123233995736766E-17
zDir.y=1.0
zDir.x=0.0
upDir.z=-1.0
upDir.y=6.123233995736766E-17
upDir.x=0.0
