#Wed Mar 22 20:45:20 PDT 2017
origin.z=-0.1521170811572831
origin.y=1.2288522526043022
origin.x=1.5905918115441595
zDir.z=-2.5877905075098288E-17
zDir.y=-1.0
zDir.x=5.549534652183773E-17
upDir.z=-0.42261826174069933
upDir.y=6.123233995736766E-17
upDir.x=0.90630778703665
