#Wed Jul 04 18:00:41 PDT 2018
origin.z=-0.00969245073079019
zDir.y=0.0
zDir.z=1.0
origin.x=-0.004948386596002068
origin.y=0.0
zDir.x=0.0
upDir.z=0.0
upDir.y=1.0
upDir.x=0.0
object_group=roof
