#Wed Mar 22 20:45:12 PDT 2017
origin.z=-0.13575889599673005
origin.y=1.2338052491537015
origin.x=1.74098495637199
zDir.z=-2.587790507509828E-17
zDir.y=-1.0
zDir.x=5.549534652183772E-17
upDir.z=-0.4226182617406991
upDir.y=6.123233995736766E-17
upDir.x=0.9063077870366503
