#Sun Apr 16 21:13:08 PDT 2017
cut_order=20
origin.z=-0.3902905042722556
origin.y=-0.004739547143272252
origin.x=1.360000000000001
zDir.z=6.123233995736766E-17
zDir.y=-1.0
zDir.x=0.0
upDir.z=1.0
upDir.y=6.123233995736766E-17
upDir.x=0.0
