#Sun Apr 30 14:50:33 PDT 2017
cut_order=36
origin.z=0.10811409228345906
origin.y=0.12602651555807884
origin.x=2.1704658846422364
zDir.z=3.749399456654644E-33
zDir.y=-1.0
zDir.x=6.123233995736766E-17
upDir.z=6.123233995736766E-17
upDir.y=6.123233995736766E-17
upDir.x=1.0
