#Sun Apr 30 13:27:29 PDT 2017
origin.z=-0.03813097996811854
origin.y=-0.09483887010888474
origin.x=1.4650481512676008
zDir.z=6.123233995736766E-17
zDir.y=-1.0
zDir.x=0.0
upDir.z=1.0
upDir.y=6.123233995736766E-17
upDir.x=0.0
