#Sun Apr 30 14:49:58 PDT 2017
cut_order=30
origin.z=0.1287896763002083
origin.y=1.3228002817598976
origin.x=1.837732726808229
zDir.z=-1.0632884247878853E-17
zDir.y=-1.0
zDir.x=6.030208312509488E-17
upDir.z=-0.1736481776669303
upDir.y=6.123233995736767E-17
upDir.x=0.9848077530122081
