#Sun Apr 30 14:50:10 PDT 2017
cut_order=31
origin.z=-0.5073033818144731
origin.y=1.3126561073288294
origin.x=1.9185639748712533
zDir.z=-2.0942693688384953E-17
zDir.y=-1.0
zDir.x=5.753957801139251E-17
upDir.z=-0.34202014332566866
upDir.y=6.123233995736767E-17
upDir.x=0.9396926207859084
