#Sun Jul 17 11:56:31 PDT 2016
origin.z=-0.20272879093788948
origin.y=0.09251797313147198
origin.x=1.2021355804680909
zDir.z=6.123233995736766E-17
zDir.y=1.0
zDir.x=0.0
upDir.z=-1.0
upDir.y=6.123233995736766E-17
upDir.x=0.0
