#Sun Jul 17 11:57:16 PDT 2016
origin.z=-0.3598898567716121
origin.y=0.09182720121528848
origin.x=1.2431381422723413
zDir.z=6.123233995736766E-17
zDir.y=1.0
zDir.x=0.0
upDir.z=-1.0
upDir.y=6.123233995736766E-17
upDir.x=0.0
