#Sun Jul 17 11:57:17 PDT 2016
origin.z=-0.5179075772722593
origin.y=0.09636541745229407
origin.x=1.2811603296232335
zDir.z=6.123233995736766E-17
zDir.y=1.0
zDir.x=0.0
upDir.z=-1.0
upDir.y=6.123233995736766E-17
upDir.x=0.0
