#Sun Jul 17 11:57:18 PDT 2016
origin.z=-0.6843642683012838
origin.y=0.0948913156564713
origin.x=1.26874484632953
zDir.z=6.122301397540666E-17
zDir.y=1.0
zDir.x=-1.0686516840418957E-18
upDir.z=-0.9998476951563913
upDir.y=6.123233995736766E-17
upDir.x=0.01745240643728351
