#Sun Jul 17 11:57:05 PDT 2016
origin.z=-0.8429460515148967
origin.y=0.09383318730734969
origin.x=1.2805322250651638
zDir.z=6.122301397540666E-17
zDir.y=1.0
zDir.x=-1.068651684041896E-18
upDir.z=-0.9998476951563913
upDir.y=6.123233995736766E-17
upDir.x=0.01745240643728351
