#Sun Jul 17 11:57:03 PDT 2016
origin.z=-0.9986668657876884
origin.y=0.09617694217685857
origin.x=1.2943233030700165
zDir.z=6.123233995736766E-17
zDir.y=1.0
zDir.x=0.0
upDir.z=-1.0
upDir.y=6.123233995736766E-17
upDir.x=0.0
