#Sun Jul 17 11:57:35 PDT 2016
origin.z=0.861890871143537
origin.y=0.09317880152434654
origin.x=2.593941865604193
zDir.z=-7.462345065765168E-18
zDir.y=1.0
zDir.x=6.077592338067844E-17
upDir.z=0.12186934340514738
upDir.y=6.123233995736766E-17
upDir.x=-0.9925461516413221
