#Fri Mar 24 19:51:06 PDT 2017
cut_order=8
origin.z=0.6142853470391162
origin.y=0.10539447424272952
origin.x=1.51052423673515
zDir.z=3.5121427342182706E-17
zDir.y=-1.0
zDir.x=5.015859645267623E-17
point_offset=-9
upDir.z=0.5735764363510462
upDir.y=6.123233995736766E-17
upDir.x=0.8191520442889917
