#Fri Mar 24 19:52:54 PDT 2017
cut_order=7
origin.z=0.4507180331634361
origin.y=0.12435394935391464
origin.x=1.5087592117600046
zDir.z=3.512142734218271E-17
zDir.y=-1.0
zDir.x=5.015859645267623E-17
upDir.z=0.5735764363510462
point_offset=-8
upDir.y=6.123233995736766E-17
upDir.x=0.8191520442889918
