#Fri Mar 24 19:56:35 PDT 2017
cut_order=6
origin.z=0.29458661699784694
origin.y=0.13866419218331227
origin.x=1.505335043769362
zDir.z=3.512142734218271E-17
zDir.y=-1.0
zDir.x=5.015859645267623E-17
upDir.z=0.5735764363510462
point_offset=-8
upDir.y=6.123233995736766E-17
upDir.x=0.8191520442889918
