#Fri Mar 24 19:56:47 PDT 2017
cut_order=5
origin.z=0.13571650691010953
origin.y=0.13216269667356306
origin.x=1.4944200389726878
zDir.z=3.512142734218271E-17
zDir.y=-1.0
zDir.x=5.015859645267623E-17
point_offset=-8
upDir.z=0.5735764363510462
upDir.y=6.123233995736766E-17
upDir.x=0.8191520442889918
