#Fri Mar 24 19:57:14 PDT 2017
cut_order=4
origin.z=-0.026531411720122
origin.y=0.10779923348184417
origin.x=1.4942106233986685
zDir.z=3.512142734218271E-17
zDir.y=-1.0
zDir.x=5.015859645267623E-17
point_offset=-8
upDir.z=0.5735764363510462
upDir.y=6.123233995736766E-17
upDir.x=0.8191520442889918
