#Fri Mar 24 19:47:16 PDT 2017
cut_order=13
origin.z=1.3476042889709363
origin.y=0.09616922035598491
origin.x=2.3098793239480284
zDir.z=-1.9935299913013367E-17
zDir.y=-1.0
zDir.x=5.78963148571034E-17
point_offset=1
upDir.z=-0.32556815445715637
upDir.y=6.123233995736769E-17
upDir.x=0.945518575599317
