#Fri Mar 24 19:44:09 PDT 2017
cut_order=15
origin.z=-1.4404753685382259
origin.y=0.10588976393798466
origin.x=1.9306610122519603
zDir.z=-2.7798900617467183E-17
zDir.y=-1.0
zDir.x=-5.455841439333468E-17
upDir.z=-0.45399049973954697
point_offset=-7
upDir.y=6.123233995736767E-17
upDir.x=-0.8910065241883678
