#Fri Mar 24 19:58:09 PDT 2017
cut_order=3
origin.z=-0.1829243675176765
origin.y=0.10024256813722865
origin.x=1.489422623539161
zDir.z=3.424068996706825E-17
zDir.y=-1.0
zDir.x=5.076391048012117E-17
upDir.z=0.5591929034707469
point_offset=-9
upDir.y=6.123233995736766E-17
upDir.x=0.8290375725550416
