#Fri Mar 24 19:53:28 PDT 2017
cut_order=2
origin.z=-0.3470851757369431
origin.y=0.09673303211785234
origin.x=1.4881289926275882
zDir.z=3.334952254609281E-17
zDir.y=-1.0
zDir.x=5.1353761328672814E-17
upDir.z=0.5446390350150272
point_offset=-7
upDir.y=6.123233995736766E-17
upDir.x=0.8386705679454239
