#Fri Mar 24 19:53:35 PDT 2017
cut_order=1
origin.z=-0.5235634494013094
origin.y=0.09488402363395176
origin.x=1.5027207928789568
zDir.z=3.1077761582215705E-17
zDir.y=-1.0
zDir.x=5.275956966933679E-17
upDir.z=0.5075383629607044
point_offset=-7
upDir.y=6.123233995736766E-17
upDir.x=0.8616291604415257
