#Mon Jul 04 13:38:53 PDT 2016
origin.z=1.1900421807227293
origin.y=0.1279822117044902
origin.x=2.0526775420984618
zDir.z=-1.2730919333264125E-17
zDir.y=-1.0
zDir.x=5.989426641661591E-17
upDir.z=-0.20791169081775898
upDir.y=6.123233995736769E-17
upDir.x=0.9781476007338057
