#Sun Mar 29 14:39:53 PDT 2015
origin.z=-0.1675130844768802
origin.y=0.3529104149010664
origin.x=1.4977730249541483
zDir.z=1.0
zDir.y=0.0
zDir.x=0.0
upDir.z=0.0
upDir.y=6.123233995736766E-17
upDir.x=-1.0
