#Fri Dec 30 11:37:19 PST 2016
cut_order=9
origin.z=1.3126226637464662
origin.y=0.05882435158381836
origin.x=2.141316381498244
zDir.z=3.749399456654644E-33
zDir.y=1.0
zDir.x=6.123233995736766E-17
upDir.z=-6.123233995736766E-17
upDir.y=6.123233995736766E-17
upDir.x=-1.0
