#Fri Dec 30 11:37:11 PST 2016
cut_order=8
origin.z=0.321121780935327
origin.y=0.05207654916137859
origin.x=2.2662319784184692
zDir.z=3.749399456654644E-33
zDir.y=1.0
zDir.x=6.123233995736766E-17
upDir.z=-6.123233995736766E-17
upDir.y=6.123233995736766E-17
upDir.x=-1.0
