#Fri Dec 30 11:37:03 PST 2016
cut_order=7
origin.z=0.7385286182530236
origin.y=0.04480116516087762
origin.x=1.3525115368973097
zDir.z=6.123233995736766E-17
zDir.y=1.0
zDir.x=0.0
upDir.z=-1.0
upDir.y=6.123233995736766E-17
upDir.x=0.0
