#Fri Dec 30 11:36:54 PST 2016
cut_order=6
origin.z=0.5674329530094144
origin.y=0.039395147083260966
origin.x=1.3503408995929478
zDir.z=6.123233995736766E-17
zDir.y=1.0
zDir.x=0.0
upDir.z=-1.0
upDir.y=6.123233995736766E-17
upDir.x=0.0
