#Fri Dec 30 11:36:44 PST 2016
cut_order=5
origin.z=0.3889668958202047
origin.y=0.03963152561771987
origin.x=1.3748573397402264
zDir.z=6.123233995736766E-17
zDir.y=1.0
zDir.x=0.0
upDir.z=-1.0
upDir.y=6.123233995736766E-17
upDir.x=0.0
