#Fri Dec 30 11:36:35 PST 2016
cut_order=4
origin.z=0.20561126552719516
origin.y=0.04370141070356037
origin.x=1.3757788960611217
zDir.z=6.123233995736766E-17
zDir.y=1.0
zDir.x=0.0
upDir.z=-1.0
upDir.y=6.123233995736766E-17
upDir.x=0.0
