#Fri Dec 30 11:36:25 PST 2016
cut_order=3
origin.z=0.02026480254398974
origin.y=0.03932079646586017
origin.x=1.3773564071543016
zDir.z=6.123233995736766E-17
zDir.y=1.0
zDir.x=0.0
upDir.z=-1.0
upDir.y=6.123233995736766E-17
upDir.x=0.0
