#Fri Dec 30 11:36:16 PST 2016
cut_order=2
origin.z=-0.3384112209731111
origin.y=0.04093265904772236
origin.x=1.5294870866630312
zDir.z=6.123233995736766E-17
zDir.y=1.0
zDir.x=0.0
upDir.z=-1.0
upDir.y=6.123233995736766E-17
upDir.x=0.0
