#Fri Dec 30 11:37:27 PST 2016
cut_order=10
origin.z=1.160648142443628
origin.y=0.03691844576180114
origin.x=2.2852936475692647
zDir.z=3.749399456654644E-33
zDir.y=1.0
zDir.x=6.123233995736766E-17
upDir.z=-6.123233995736766E-17
upDir.y=6.123233995736766E-17
upDir.x=-1.0
