#Fri Dec 30 11:35:57 PST 2016
cut_order=20
origin.z=-0.13198258532235763
origin.y=0.03956550544140857
origin.x=1.4217551868992173
zDir.z=3.749399456654644E-33
zDir.y=1.0
zDir.x=6.123233995736766E-17
upDir.z=-6.123233995736766E-17
upDir.y=6.123233995736766E-17
upDir.x=-1.0
