#Fri Dec 30 11:36:08 PST 2016
cut_order=1
origin.z=-0.568286464140788
origin.y=0.042272608077417166
origin.x=1.526537050315277
zDir.z=6.123233995736766E-17
zDir.y=1.0
zDir.x=0.0
upDir.z=-1.0
upDir.y=6.123233995736766E-17
upDir.x=0.0
