#Thu Dec 29 21:09:06 PST 2016
cut_order=15
origin.z=0.13237001051911917
origin.y=0.10803461413164195
origin.x=1.6025086640298798
zDir.z=6.123233995736767E-17
zDir.y=1.0
zDir.x=9.244463733058732E-33
upDir.z=-1.0
upDir.y=6.123233995736766E-17
upDir.x=-6.938893903907228E-17
