#Thu Dec 29 21:09:14 PST 2016
cut_order=16
origin.z=0.16427266921542294
origin.y=0.10489597490407876
origin.x=1.4488536478048362
zDir.z=6.123233995736767E-17
zDir.y=1.0
zDir.x=0.0
upDir.z=-1.0
upDir.y=6.123233995736765E-17
upDir.x=0.0
