#Thu Dec 29 21:04:29 PST 2016
cut_order=5
origin.z=0.44417650626084876
origin.y=-0.7595171836193021
origin.x=1.9544245872122392
zDir.z=6.123233995736766E-17
zDir.y=1.0
zDir.x=0.0
upDir.z=-1.0
upDir.y=6.123233995736766E-17
upDir.x=0.0
