#Thu Dec 29 21:04:52 PST 2016
cut_order=8
origin.z=0.48100095994415887
origin.y=-0.7577463189420777
origin.x=2.3759032061358756
zDir.z=6.123233995736766E-17
zDir.y=1.0
zDir.x=0.0
upDir.z=-1.0
upDir.y=6.123233995736766E-17
upDir.x=0.0
