#Thu Dec 29 21:04:43 PST 2016
cut_order=7
origin.z=0.4852244502376975
origin.y=-0.7466010000534563
origin.x=2.250357125990764
zDir.z=6.114842316355998E-17
zDir.y=1.0
zDir.x=-3.2046530646618555E-18
upDir.z=-0.9986295347545739
upDir.y=6.123233995736767E-17
upDir.x=0.052335956242943835
