#Wed Apr 15 20:22:49 PDT 2015
origin.z=-1.6383798404613437
origin.y=0.07096120160097863
origin.x=1.857896151847977
zDir.z=1.0
zDir.y=0.0
zDir.x=0.0
upDir.z=0.0
upDir.y=1.0
upDir.x=0.0
