#Thu Dec 29 21:04:35 PST 2016
cut_order=6
origin.z=0.38480208021675694
origin.y=-0.7611602458877673
origin.x=2.062582846545313
zDir.z=6.123233995736765E-17
zDir.y=1.0
zDir.x=-1.9824750557387597E-32
upDir.z=-1.0
upDir.y=6.123233995736766E-17
upDir.x=2.33486982377251E-16
