#Thu Dec 29 21:08:49 PST 2016
cut_order=12
origin.z=-0.6322900002720339
origin.y=-0.7537168704914655
origin.x=2.108287688962818
zDir.z=6.123233995736766E-17
zDir.y=1.0
zDir.x=1.0785207688568521E-32
upDir.z=-1.0
upDir.y=6.123233995736766E-17
upDir.x=-1.3877787807814457E-16
