#Thu Dec 29 21:08:54 PST 2016
cut_order=13
origin.z=-0.5125295322831986
origin.y=-0.7559183469410142
origin.x=1.9342804878088982
zDir.z=-6.123233995736764E-17
zDir.y=1.0
zDir.x=2.117290151845866E-32
upDir.z=1.0
upDir.y=6.123233995736769E-17
upDir.x=-2.878961221198774E-17
