#Thu Dec 29 20:37:24 PST 2016
cut_order=9
origin.z=-0.05969095787208195
origin.y=-0.7631198116896292
origin.x=2.0529159862730944
zDir.z=1.0632884247878856E-17
zDir.y=1.0
zDir.x=6.030208312509489E-17
upDir.z=-0.17364817766693053
upDir.y=6.123233995736767E-17
upDir.x=-0.9848077530122081
