#Thu Dec 29 21:08:43 PST 2016
cut_order=11
origin.z=-0.48812907349534573
origin.y=-0.7808093845867428
origin.x=2.168990196487094
zDir.z=-6.123233995736765E-17
zDir.y=1.0
zDir.x=1.674326264636802E-32
upDir.z=1.0
upDir.y=6.123233995736765E-17
upDir.x=-2.33486982377251E-16
