#Thu Dec 29 21:05:26 PST 2016
cut_order=10
origin.z=-0.6255335555128758
origin.y=-0.777592724708172
origin.x=2.3367804632605607
zDir.z=6.123233995736766E-17
zDir.y=1.0
zDir.x=3.0814879110195774E-33
upDir.z=-1.0
upDir.y=6.123233995736767E-17
upDir.x=-5.551115123125783E-17
