#Thu Dec 29 21:09:36 PST 2016
cut_order=19
origin.z=-1.3117434014480693
origin.y=-0.7736547518753916
origin.x=1.6618297247002607
zDir.z=6.6791154563506665E-34
zDir.y=1.0
zDir.x=6.123233995736766E-17
upDir.z=-5.721188726109833E-18
upDir.y=6.123233995736767E-17
upDir.x=-1.0
