#Thu Dec 29 20:34:55 PST 2016
cut_order=1
origin.z=0.5497185928074751
origin.y=-0.7663566316066783
origin.x=1.4873499399320966
zDir.z=6.030208312509489E-17
zDir.y=1.0
zDir.x=-1.0632884247878858E-17
upDir.z=-0.9848077530122081
upDir.y=6.123233995736766E-17
upDir.x=0.17364817766693033
