#Thu Dec 29 21:11:29 PST 2016
cut_order=2
origin.z=0.5658657902591904
origin.y=-0.7516939584413549
origin.x=1.6155523798511973
zDir.z=5.886030295369093E-17
zDir.y=1.0
zDir.x=-1.6877920276336402E-17
upDir.z=-0.9612616959383189
upDir.y=6.123233995736769E-17
upDir.x=0.2756373558169991
