#Thu Dec 29 21:03:49 PST 2016
cut_order=3
origin.z=0.5066085145973284
origin.y=-0.7660112363762777
origin.x=1.7555196893582843
zDir.z=5.941347777051276E-17
zDir.y=1.0
zDir.x=-1.4813443754489675E-17
upDir.z=-0.9702957262759965
upDir.y=6.123233995736767E-17
upDir.x=0.24192189559966798
