#Thu Dec 29 21:11:01 PST 2016
cut_order=4
origin.z=0.3510771843799785
origin.y=-0.7781899289704265
origin.x=1.8827848617868783
zDir.z=6.123233995736766E-17
zDir.y=1.0
zDir.x=0.0
upDir.z=-1.0
upDir.y=6.123233995736766E-17
upDir.x=0.0
