#Wed Mar 22 19:53:22 PDT 2017
cut_order=3
origin.z=-0.7576076991080556
origin.y=0.09252644281830354
origin.x=2.315327498864645
zDir.z=-6.400522398026148E-18
zDir.y=1.0
zDir.x=6.089690279223576E-17
point_offset=7
upDir.z=0.10452846326765317
upDir.y=6.123233995736769E-17
upDir.x=-0.9945218953682734
