#Thu Mar 22 15:01:55 PDT 2018
origin.z=0.2716093230205728
zDir.y=1.0
zDir.z=6.030208312509489E-17
origin.x=2.195110252287751
origin.y=0.09737696323741978
zDir.x=-1.063288424787885E-17
reverse_order=1
cut_order=6
upDir.z=-0.9848077530122081
point_offset=2
upDir.y=6.123233995736766E-17
upDir.x=0.17364817766693036
