#Wed Mar 22 20:01:40 PDT 2017
cut_order=7
reverse_order=1
origin.z=0.49033224228763217
origin.y=0.09531246695236284
origin.x=2.2874418020412706
zDir.z=5.78963148571034E-17
zDir.y=1.0
zDir.x=-1.9935299913013398E-17
point_offset=4
upDir.z=-0.9455185755993168
upDir.y=6.12323399573677E-17
upDir.x=0.32556815445715676
