#Tue Feb 06 17:37:34 PST 2018
cut_order=11
origin.z=-0.9934650590620933
zDir.y=1.0
zDir.z=6.06364310341098E-17
origin.x=2.273059683397176
origin.y=0.0906141454437856
zDir.x=8.521894630907769E-18
reverse_order=1
upDir.z=-0.9902680687415704
upDir.y=6.123233995736767E-17
upDir.x=-0.13917310096006527
