#Tue Feb 06 17:37:11 PST 2018
zDir.y=1.0
origin.z=0.7190641331801562
zDir.z=6.400522398026161E-18
origin.x=1.9983404959861537
origin.y=0.09266469835877317
zDir.x=-6.089690279223573E-17
reverse_order=1
cut_order=10
upDir.z=-0.10452846326765315
point_offset=-10
upDir.y=6.123233995736765E-17
upDir.x=0.9945218953682734
