#Wed Mar 22 19:36:25 PDT 2017
cut_order=6
origin.z=0.26639126901106186
origin.y=0.09472759148960953
origin.x=1.8584009599125992
zDir.z=1.2730919333264175E-17
zDir.y=1.0
zDir.x=5.989426641661593E-17
upDir.z=-0.20791169081775962
upDir.y=6.123233995736766E-17
upDir.x=-0.9781476007338057
