#Wed Mar 22 19:36:18 PDT 2017
cut_order=5
origin.z=-0.0019047213708530413
origin.y=0.10396650389994648
origin.x=1.7126171817975655
zDir.z=0.08682408883346517
zDir.y=0.9961946980917455
zDir.x=0.00759612349389603
upDir.z=0.08715574274765786
upDir.y=8.768308276308844E-17
upDir.x=-0.9961946980917455
