#Tue Feb 06 17:36:35 PST 2018
cut_order=1
origin.z=-1.1984926749369724
zDir.y=1.0
zDir.z=1.1683681271820388E-17
origin.x=1.7689871235016341
origin.y=0.09078237130785367
zDir.x=6.010732940826065E-17
upDir.z=-0.19080899537654486
upDir.y=6.123233995736767E-17
upDir.x=-0.981627183447664
