#Tue Feb 06 17:36:22 PST 2018
cut_order=2
origin.z=-0.853997382178024
zDir.y=1.0
zDir.z=-4.271352114527468E-18
origin.x=1.7088648405772269
origin.y=0.09330034343647133
zDir.x=6.108318105475816E-17
upDir.z=0.06975647374412527
upDir.y=6.123233995736769E-17
upDir.x=-0.9975640502598243
