#Wed Mar 22 19:33:11 PDT 2017
cut_order=3
origin.z=-0.535925338293248
origin.y=0.09223602120922428
origin.x=1.9414150725415467
zDir.z=2.9686027481526026E-17
zDir.y=1.0
zDir.x=5.355501124097282E-17
upDir.z=-0.4848096202463371
upDir.y=6.123233995736767E-17
upDir.x=-0.8746197071393959
