#Tue Feb 06 17:35:57 PST 2018
cut_order=4
origin.z=-0.2792492829248799
zDir.y=1.0
zDir.z=1.063288424787886E-17
origin.x=1.7780576647477326
origin.y=0.0914266722407316
zDir.x=6.030208312509488E-17
upDir.z=-0.17364817766693044
upDir.y=6.123233995736769E-17
upDir.x=-0.9848077530122081
