#Wed Mar 22 19:53:15 PDT 2017
cut_order=2
origin.z=-0.7684056795677624
origin.y=0.09673360015370455
origin.x=2.0534563941105546
zDir.z=-1.2730919333264083E-17
zDir.y=1.0
zDir.x=5.98942664166159E-17
point_offset=5
upDir.z=0.2079116908177583
upDir.y=6.12323399573677E-17
upDir.x=-0.9781476007338059
