#Wed Mar 22 19:55:54 PDT 2017
cut_order=5
origin.z=0.39012624204979196
origin.y=0.09338109285419574
origin.x=2.0554269733719135
zDir.z=7.387060966036722E-17
zDir.y=-1.0
zDir.x=1.7335321719924247E-16
point_offset=3
upDir.z=-0.17364817766692955
upDir.y=-1.8354708905809116E-16
upDir.x=-0.9848077530122082
