#Fri Apr 10 21:21:00 PDT 2015
origin.z=0.9666248005748955
origin.y=0.6185483245002577
origin.x=1.713877400748918
zDir.z=1.0
zDir.y=0.0
zDir.x=0.0
upDir.z=0.0
upDir.y=1.0
upDir.x=0.0
