#Wed Mar 22 19:59:57 PDT 2017
cut_order=4
origin.z=0.3188262405760348
origin.y=0.09190596537913205
origin.x=1.7666953484026227
zDir.z=-5.336750069161467E-18
zDir.y=1.0
zDir.x=6.099933241728101E-17
point_offset=2
upDir.z=0.08715574274765786
upDir.y=6.123233995736766E-17
upDir.x=-0.9961946980917455
