#Wed Mar 22 19:57:12 PDT 2017
cut_order=1
origin.z=-0.748270499463306
origin.y=0.09324827886852073
origin.x=1.7447284331584303
zDir.z=-1.0632884247878821E-17
zDir.y=1.0
zDir.x=6.030208312509489E-17
point_offset=3
upDir.z=0.17364817766692997
upDir.y=6.123233995736767E-17
upDir.x=-0.9848077530122082
