#Wed Nov 22 13:07:59 PST 2017
origin.z=-0.16889937076103276
origin.y=0.01230467584216146
origin.x=2.1299999999999044
zDir.z=6.123233995736766E-17
zDir.y=-1.0
zDir.x=0.0
upDir.z=1.0
upDir.y=6.123233995736766E-17
upDir.x=0.0
