#Sun Jan 21 19:04:49 PST 2018
origin.z=0.5437625360724864
zDir.y=-1.0
zDir.z=3.749399456654644E-33
origin.x=1.856171531854958
origin.y=0.8750182820429688
zDir.x=6.123233995736766E-17
upDir.z=6.123233995736766E-17
upDir.y=6.123233995736766E-17
upDir.x=1.0
