#Sun Jan 21 19:04:24 PST 2018
origin.z=0.7785516833788673
zDir.y=-1.0
zDir.z=-1.1248198369963932E-32
origin.x=1.6685961023452602
origin.y=0.8838726088474611
zDir.x=-6.123233995736766E-17
upDir.z=-1.8369701987210297E-16
upDir.y=6.123233995736766E-17
upDir.x=-1.0
