#Sun Jan 21 19:23:25 PST 2018
origin.z=0.770458563249553
zDir.y=-1.0
zDir.z=3.749399456654644E-33
origin.x=1.6950563134861631
origin.y=0.8838726088474611
zDir.x=-6.123233995736766E-17
upDir.z=6.123233995736766E-17
upDir.y=6.123233995736766E-17
upDir.x=-1.0
