#Tue Jan 23 13:55:17 PST 2018
origin.z=0.5508545967214239
zDir.y=1.0
zDir.z=3.749399456654644E-33
origin.x=1.6950563134861474
origin.y=-0.8761387574450885
zDir.x=6.123233995736766E-17
upDir.z=6.123233995736766E-17
upDir.y=6.123233995736766E-17
upDir.x=-1.0
