#Tue Jan 23 13:27:02 PST 2018
origin.z=0.789514059852877
zDir.y=1.0
zDir.z=-1.1248198369963932E-32
origin.x=1.8548806519466208
origin.y=-0.8710906803949847
zDir.x=-6.123233995736766E-17
upDir.z=1.8369701987210297E-16
upDir.y=6.123233995736766E-17
upDir.x=1.0
