#Tue Jan 23 13:55:23 PST 2018
origin.z=0.3754777980559366
zDir.y=-1.0
zDir.z=3.749399456654644E-33
origin.x=1.9704154759976549
origin.y=0.8828295988152353
zDir.x=6.123233995736766E-17
upDir.z=6.123233995736766E-17
upDir.y=6.123233995736766E-17
upDir.x=1.0
