#Thu Jan 25 21:01:32 PST 2018
origin.z=0.5912824576202944
zDir.y=-1.0
cut_order=1
zDir.z=4.329780281177467E-17
origin.x=1.8366124956296388
origin.y=0.06320151815994433
zDir.x=4.329780281177466E-17
upDir.z=0.7071067811865476
upDir.y=6.123233995736766E-17
upDir.x=0.7071067811865475
