#Thu Jan 25 21:02:02 PST 2018
origin.z=0.48250342175842253
zDir.y=-1.0
cut_order=4
zDir.z=6.123233995736766E-17
origin.x=1.7901489494908776
origin.y=0.05465018750063794
zDir.x=0.0
upDir.z=1.0
upDir.y=6.123233995736766E-17
upDir.x=0.0
