#Thu Jan 25 21:02:48 PST 2018
origin.z=-0.07556087281111698
zDir.y=1.0
cut_order=3
zDir.z=6.123233995736766E-17
origin.x=1.830412459134172
origin.y=-3.146116178247283E-5
zDir.x=0.0
upDir.z=-1.0
upDir.y=6.123233995736766E-17
upDir.x=0.0
