#Thu Jan 25 21:02:39 PST 2018
origin.z=-0.27794151155040475
zDir.y=-1.0
cut_order=2
zDir.z=-5.015859645267623E-17
origin.x=1.8296420615142777
origin.y=0.030606912545318946
zDir.x=3.512142734218272E-17
upDir.z=-0.8191520442889917
upDir.y=6.123233995736766E-17
upDir.x=0.5735764363510462
