#Sat Mar 28 10:30:53 PDT 2015
origin.z=-0.16222784835206527
origin.y=0.6240236317560743
origin.x=0.0
zDir.z=1.0
zDir.y=0.0
zDir.x=0.0
upDir.z=0.0
upDir.y=1.0
upDir.x=0.0
