#Sat Mar 28 20:21:48 PDT 2015
origin.z=0.5488229401744272
origin.y=-0.26779667133251706
origin.x=2.595765464945447
zDir.z=6.123233995736766E-17
zDir.y=1.0
zDir.x=0.0
upDir.z=-1.0
upDir.y=6.123233995736766E-17
upDir.x=0.0
