#Sat Mar 28 20:21:34 PDT 2015
origin.z=0.6351160690121969
origin.y=-0.24082397127060273
origin.x=2.480499773826202
zDir.z=6.123233995736766E-17
zDir.y=1.0
zDir.x=0.0
upDir.z=-1.0
upDir.y=6.123233995736766E-17
upDir.x=0.0
