#Sat Mar 28 20:21:38 PDT 2015
origin.z=0.7623682027694019
origin.y=-0.22650669333567996
origin.x=2.3817628425709905
zDir.z=6.123233995736766E-17
zDir.y=1.0
zDir.x=0.0
upDir.z=-1.0
upDir.y=6.123233995736766E-17
upDir.x=0.0
