#Sat Mar 28 20:22:21 PDT 2015
origin.z=0.8247348961818662
origin.y=-0.2411693665010033
origin.x=2.2648757293016533
zDir.z=6.123233995736766E-17
zDir.y=1.0
zDir.x=0.0
upDir.z=-1.0
upDir.y=6.123233995736766E-17
upDir.x=0.0
