#Sat Mar 28 10:27:22 PDT 2015
origin.z=-0.11828939996770667
origin.y=0.6128546118008362
origin.x=0.0
zDir.z=1.0
zDir.y=0.0
zDir.x=0.0
upDir.z=0.0
upDir.y=1.0
upDir.x=0.0
