#Sat Mar 28 19:43:11 PDT 2015
origin.z=-0.04392388095278749
origin.y=0.6200000000000004
origin.x=0.0
zDir.z=1.0
zDir.y=0.0
zDir.x=0.0
upDir.z=0.0
upDir.y=1.0
upDir.x=0.0
