#Wed Apr 01 22:24:44 PDT 2015
origin.z=0.9785363725096432
origin.y=0.6200000000000004
origin.x=1.6599023055122637
zDir.z=1.0
zDir.y=0.0
zDir.x=0.0
upDir.z=0.0
upDir.y=1.0
upDir.x=0.0
