#Sat Mar 28 20:02:13 PDT 2015
origin.z=-0.03958709276801654
origin.y=0.6185483245002577
origin.x=0.0
zDir.z=1.0
zDir.y=0.0
zDir.x=0.0
upDir.z=0.0
upDir.y=1.0
upDir.x=0.0
