#Wed Apr 01 21:36:54 PDT 2015
origin.z=1.293601215515469
origin.y=0.9514134925249825
origin.x=1.3826533517897972
zDir.z=1.0
zDir.y=0.0
zDir.x=0.0
upDir.z=0.0
upDir.y=1.0
upDir.x=0.0
